OGLE-BLG-T2CEP-001  14.176 15.759   3.9983508 0.0000897  7003.60981  0.595  0.265 5.672  0.140 5.349
OGLE-BLG-T2CEP-002  13.909 15.188   2.2684194 0.0000223  7001.66959  0.215  0.127 4.582  0.107 2.974
OGLE-BLG-T2CEP-003  15.061 16.519   1.4844493 0.0000087  7001.29935  0.656  0.374 4.368  0.017 3.226
OGLE-BLG-T2CEP-004  14.856 16.404   1.2118999 0.0000096  7000.72236  0.238  0.216 5.457  0.000   -  
OGLE-BLG-T2CEP-005  16.842 18.666   2.0075505 0.0000144  7000.16978  0.442  0.167 5.532  0.073 3.000
OGLE-BLG-T2CEP-006  13.352 14.728   7.6364832 0.0001138  7001.61511  0.576  0.066 4.615  0.078 2.128
OGLE-BLG-T2CEP-007  15.530 17.452   1.8174741 0.0000015  7001.24221  0.571  0.338 4.846  0.202 2.165
OGLE-BLG-T2CEP-008  15.970 17.765   1.1829551 0.0000098  7000.48863  0.293  0.287 5.208  0.041 4.329
OGLE-BLG-T2CEP-009  15.657 17.620   1.8960190 0.0000011  7000.73331  0.350  0.097 5.111  0.154 2.503
OGLE-BLG-T2CEP-010  14.969 16.639   1.9146565 0.0000099  7001.73370  0.408  0.126 5.431  0.122 2.635
OGLE-BLG-T2CEP-011  13.466 15.538  15.3877900 0.0006631  7000.35700  0.650  0.118 1.679  0.104 2.514
OGLE-BLG-T2CEP-012  14.533 15.968   1.4769841 0.0000029  7000.07387  0.382  0.117 5.128  0.208 1.292
OGLE-BLG-T2CEP-013  16.212 18.554   1.5170599 0.0000007  7001.15015  0.621  0.223 5.128  0.172 2.290
OGLE-BLG-T2CEP-014  13.627 15.308   1.2387596 0.0000004  7000.18222  0.522  0.266 4.535  0.105 0.666
OGLE-BLG-T2CEP-015  15.939 18.079   1.2793812 0.0000009  7000.56441  0.179  0.183 5.550  0.026 0.384
OGLE-BLG-T2CEP-016  15.741 18.121   1.9182298 0.0000005  7000.82071  0.386  0.129 5.389  0.125 2.757
OGLE-BLG-T2CEP-017  16.285 18.515   1.0979378 0.0000003  7000.80190  0.564  0.325 4.717  0.118 2.816
OGLE-BLG-T2CEP-018  16.053 18.214   1.6199481 0.0000005  7000.14486  0.697  0.219 5.267  0.139 2.632
OGLE-BLG-T2CEP-019  13.195 16.164  34.8869297 0.0013511  7004.62414  0.648  0.197 5.942  0.071 5.362
OGLE-BLG-T2CEP-020  15.809 17.988   1.6605272 0.0000005  7000.25350  0.562  0.329 4.694  0.119 1.341
OGLE-BLG-T2CEP-021  14.167 15.910   3.4250305 0.0000061  7003.28155  0.609  0.267 5.087  0.108 3.544
OGLE-BLG-T2CEP-022  16.409 18.621   1.0485871 0.0000009  7000.00398  0.128  0.189 5.669  0.057 5.846
OGLE-BLG-T2CEP-023  13.597 16.133  14.8916402 0.0001420  7011.80104  0.800  0.114 0.481  0.062 3.026
OGLE-BLG-T2CEP-024  13.633 16.505  40.3063119 0.0032330  7018.53462  0.645  0.142 5.914  0.075 0.778
OGLE-BLG-T2CEP-025  13.712 15.827  10.1373458 0.0002262  7005.41093  0.209  0.134 1.284  0.035 1.641
OGLE-BLG-T2CEP-026  16.858 19.237   2.3446069 0.0000367  7001.74578  0.472  0.238 5.684  0.053 5.643
OGLE-BLG-T2CEP-027  13.421    -    15.4257380 0.0012708  7001.53777  0.697  0.065 1.835  0.063 2.653
OGLE-BLG-T2CEP-028  16.846 19.119  11.3827451 0.0001102  7008.45568  0.812  0.164 2.075  0.048 2.496
OGLE-BLG-T2CEP-029  15.257 16.753   1.4976179 0.0000013  7000.18108  0.437  0.329 5.169  0.072 3.899
OGLE-BLG-T2CEP-030  15.714 17.660   1.1714354 0.0000005  7001.14958  0.570  0.267 4.705  0.116 0.286
OGLE-BLG-T2CEP-031  11.619 13.518  14.8296445 0.0068725  7011.43485  1.033  0.428 5.697  0.040 3.777
OGLE-BLG-T2CEP-032  13.158 15.362  16.3131046 0.0001545  7015.95854  0.853  0.044 0.209  0.061 3.104
OGLE-BLG-T2CEP-033  14.184 16.285   7.0336027 0.0000629  7005.50004  0.250  0.191 0.114  0.048 0.222
OGLE-BLG-T2CEP-034  13.725 16.183  22.4469511 0.0007357  7017.39555  0.997  0.188 6.163  0.027 5.088
OGLE-BLG-T2CEP-035  15.099 16.935   1.9308155 0.0000034  7001.64796  0.576  0.165 5.040  0.093 2.623
OGLE-BLG-T2CEP-036  14.853 16.860   3.6947078 0.0000066  7003.10324  0.500  0.221 4.959  0.076 3.162
OGLE-BLG-T2CEP-037  15.787 17.849   1.3788726 0.0000007  7000.08082  0.418  0.306 5.374  0.076 4.065
OGLE-BLG-T2CEP-038  14.181 16.991  15.2177794 0.0007226  7001.95411  0.676  0.082 1.937  0.053 2.465
OGLE-BLG-T2CEP-039  14.786 16.775   2.7553995 0.0000015  7001.09828  0.616  0.294 5.196  0.160 3.845
OGLE-BLG-T2CEP-040  15.962    -     1.6627338 0.0000010  7000.97567  0.453  0.095 5.141  0.180 2.136
OGLE-BLG-T2CEP-041  15.906 17.802   1.0892394 0.0000011  7000.92508  0.227  0.225 5.646  0.078 5.427
OGLE-BLG-T2CEP-043  13.254 14.811  17.1689176 0.0003892  7008.25675  0.987  0.414 5.824  0.155 3.887
OGLE-BLG-T2CEP-044  13.453 15.324  10.1880760 0.0007225  7004.21947  0.564  0.193 5.710  0.042 5.978
OGLE-BLG-T2CEP-045  14.196 16.602  19.3131659 0.0005708  7007.03130  0.915  0.129 6.188  0.011 3.555
OGLE-BLG-T2CEP-046  13.685 15.793  14.7976364 0.0003329  7009.97611  0.773  0.146 1.070  0.110 1.968
OGLE-BLG-T2CEP-047  15.045 17.364   4.7948362 0.0000084  7002.01715  0.586  0.306 5.591  0.057 5.186
OGLE-BLG-T2CEP-048  15.524 16.992   1.5233428 0.0000014  7000.04044  0.625  0.301 4.470  0.051 0.382
OGLE-BLG-T2CEP-049  12.122 14.039  31.1660562 0.0181929  7011.93318  0.454  0.163 0.134  0.331 2.668
OGLE-BLG-T2CEP-050  15.223 16.867   1.3978113 0.0000010  7000.76307  0.332  0.138 6.096  0.150 0.193
OGLE-BLG-T2CEP-051  14.895 16.445   1.2094675 0.0000004  7001.02660  0.620  0.282 4.576  0.112 2.876
OGLE-BLG-T2CEP-052  14.340 16.131   3.0886741 0.0000024  7000.00158  0.548  0.264 5.500  0.140 4.340
OGLE-BLG-T2CEP-053  13.618 15.504  12.3230593 0.0003448  7006.21873  0.366  0.105 1.314  0.075 2.032
OGLE-BLG-T2CEP-054  14.795 16.396   1.2836893 0.0000005  7000.88096  0.657  0.329 4.310  0.083 5.768
OGLE-BLG-T2CEP-055  14.991 17.504   7.0745143 0.0000186  7006.44447  0.608  0.106 5.624  0.047 1.848
OGLE-BLG-T2CEP-056  15.806 17.281  20.9894687 0.0028505  7016.63212  0.393  0.199 5.986  0.039 5.439
OGLE-BLG-T2CEP-057  13.605 15.200   8.7919856 0.0000689  7000.38976  0.566  0.165 5.372  0.095 3.522
OGLE-BLG-T2CEP-058  15.546 17.086   1.0512574 0.0000007  7000.61870  0.417  0.344 5.129  0.163 3.871
OGLE-BLG-T2CEP-059  12.656 14.304  12.6101147 0.0003197  7010.63046  0.812  0.275 5.967  0.041 2.305
OGLE-BLG-T2CEP-060  15.659 17.498   1.3323124 0.0000006  7000.09607  0.580  0.238 4.495  0.078 4.922
OGLE-BLG-T2CEP-061  16.265 18.232   1.1185485 0.0000007  7000.54737  0.394  0.217 4.532  0.040 5.642
OGLE-BLG-T2CEP-062  14.166 15.466   1.0094638 0.0000003  7000.26489  0.265  0.293 5.459  0.090 5.025
OGLE-BLG-T2CEP-063  12.864 14.721  12.2182995 0.0002375  7005.55748  0.883  0.438 5.380  0.032 4.054
OGLE-BLG-T2CEP-064  15.381    -    16.5676611 0.0042547  7002.88968  0.796  0.165 1.213  0.071 3.187
OGLE-BLG-T2CEP-065  16.162 18.402   1.0346944 0.0000008  7000.98401  0.248  0.217 5.299  0.045 4.594
OGLE-BLG-T2CEP-066  16.638 21.481  10.5414944 0.0000912  7007.08288  0.202  0.110 1.278  0.035 1.942
OGLE-BLG-T2CEP-067  16.088 18.554   1.7416384 0.0000018  7000.78501  0.454  0.177 5.430  0.142 2.663
OGLE-BLG-T2CEP-068  15.725    -    32.3340286 0.0291483  7026.96270  0.637  0.238 4.971  0.091 5.285
OGLE-BLG-T2CEP-069  16.557 18.245   1.7811653 0.0000023  7000.08186  0.462  0.219 5.181  0.179 2.395
OGLE-BLG-T2CEP-071  15.886 20.750  15.7534894 0.0003178  7003.45877  0.883  0.129 0.707  0.074 2.427
OGLE-BLG-T2CEP-072  17.136 21.330   1.5513979 0.0000006  7000.52129  0.582  0.344 4.237  0.047 1.114
OGLE-BLG-T2CEP-073  18.370    -    12.1088406 0.0000793  7010.42014  0.622  0.186 0.387  0.119 1.663
OGLE-BLG-T2CEP-074  16.648 19.797   2.3095009 0.0000012  7000.11820  0.449  0.193 5.621  0.080 3.735
OGLE-BLG-T2CEP-075  16.515 19.286   1.3900571 0.0000005  7001.23712  0.602  0.274 4.470  0.044 5.392
OGLE-BLG-T2CEP-076  15.837 17.914   1.3399483 0.0000040  7000.20886  0.663  0.320 4.297  0.064 3.829
OGLE-BLG-T2CEP-077  14.757    -     5.9418331 0.0001765  7004.85755  0.195  0.314 4.842  0.024 6.165
OGLE-BLG-T2CEP-078  18.152    -    16.7107943 0.0001230  7005.06268  0.915  0.153 0.430  0.041 2.796
OGLE-BLG-T2CEP-079  12.606 14.504  25.4951931 0.0012676  7010.50049  1.185  0.175 5.995  0.021 2.483
OGLE-BLG-T2CEP-080  14.969 16.150   1.0494300 0.0000006  7000.50450  0.343  0.325 5.122  0.088 3.587
OGLE-BLG-T2CEP-081  17.123    -     4.2889851 0.0000052  7001.51334  0.479  0.249 5.709  0.094 5.175
OGLE-BLG-T2CEP-082  16.835 20.240   1.7828614 0.0000006  7001.72748  0.425  0.157 5.367  0.156 2.561
OGLE-BLG-T2CEP-083  13.278 14.801  22.4972537 0.0015387  7014.25468  0.937  0.112 0.131  0.041 2.149
OGLE-BLG-T2CEP-084  13.310 16.909  66.4314550 0.0102827  7043.23678  0.371  0.154 0.912  0.030 5.541
OGLE-BLG-T2CEP-085  14.622 16.183   2.2593119 0.0000074  7001.97030  0.605  0.253 5.116  0.152 3.417
OGLE-BLG-T2CEP-086  13.814 15.319  14.9642601 0.0015318  7012.42985  0.286  0.068 1.522  0.036 2.451
OGLE-BLG-T2CEP-087  14.898 17.784   7.9162424 0.0000365  7003.72481  0.215  0.166 6.212  0.048 5.941
OGLE-BLG-T2CEP-088  13.310 15.321  25.7337397 0.0011060  7001.86146  1.324  0.185 5.937  0.007 5.323
OGLE-BLG-T2CEP-089  14.766 16.056   1.4742338 0.0000008  7001.47008  0.360  0.062 6.028  0.028 0.708
OGLE-BLG-T2CEP-090  16.473 19.563   1.5010615 0.0000003  7000.32779  0.737  0.411 4.255  0.056 0.932
OGLE-BLG-T2CEP-091  16.302    -    27.5354960 0.0007052  7016.96521  0.822  0.343 5.677  0.132 4.371
OGLE-BLG-T2CEP-092  17.577 21.237  24.5798505 0.0009606  7003.38151  0.656  0.382 5.842  0.174 4.659
OGLE-BLG-T2CEP-093  15.783 20.395  14.9097802 0.0000512  7002.90417  0.916  0.132 0.623  0.081 2.717
OGLE-BLG-T2CEP-094  15.127 19.078  12.1518790 0.0000415  7004.85647  0.514  0.153 0.836  0.077 2.262
OGLE-BLG-T2CEP-095  13.025 16.198  52.4554666 0.0068515  7006.54203  0.521  0.138 5.508  0.066 5.960
OGLE-BLG-T2CEP-096  18.218    -     2.3398771 0.0000020  7001.33176  0.482  0.200 5.613  0.075 3.821
OGLE-BLG-T2CEP-097  14.666 18.466  15.0922893 0.0000547  7009.40853  0.852  0.146 0.240  0.067 3.629
OGLE-BLG-T2CEP-098  14.633 18.396  16.6268592 0.0000692  7003.98297  0.925  0.122 0.328  0.045 3.086
OGLE-BLG-T2CEP-100  16.819 19.172   2.8748156 0.0000101  7000.65428  0.361  0.270 5.547  0.019 1.207
OGLE-BLG-T2CEP-101  14.189 17.142  14.9535528 0.0000582  7008.34554  0.881  0.145 0.373  0.062 3.095
OGLE-BLG-T2CEP-102  12.375 14.231  27.1954181 0.0044819  7006.38630  0.865  0.403 5.892  0.234 4.448
OGLE-BLG-T2CEP-103  17.415    -     3.9378832 0.0000099  7003.83852  0.281  0.243 5.566  0.093 4.293
OGLE-BLG-T2CEP-104  14.839 15.949   1.4849959 0.0000005  7001.39055  0.726  0.386 4.185  0.083 0.495
OGLE-BLG-T2CEP-105  14.615 16.699   7.7638691 0.0000972  7003.99781  0.167  0.126 5.535  0.023 4.768
OGLE-BLG-T2CEP-106  17.135 20.634   1.2670135 0.0000003  7001.04825  0.629  0.253 4.496  0.113 3.603
OGLE-BLG-T2CEP-107  15.506 20.130  14.9246336 0.0000380  7008.92985  0.788  0.096 0.422  0.065 3.306
OGLE-BLG-T2CEP-108  15.675 16.853   1.6386000 0.0000011  7000.89364  0.503  0.179 5.361  0.149 2.431
OGLE-BLG-T2CEP-109  12.096 13.595  17.5133679 0.0018158  7006.89763  0.923  0.084 6.064  0.061 3.658
OGLE-BLG-T2CEP-110  14.728 18.179  30.7176252 0.0013588  7002.03790  0.349  0.202 5.485  0.041 4.028
OGLE-BLG-T2CEP-111  14.338 17.644  12.3645128 0.0000857  7011.82600  0.777  0.416 5.095  0.062 3.972
OGLE-BLG-T2CEP-112  15.787 18.632   8.7105677 0.0000434  7007.29683  0.350  0.207 6.110  0.047 5.512
OGLE-BLG-T2CEP-113  16.713 20.436   1.9441213 0.0000007  7000.96815  0.577  0.318 5.508  0.131 3.785
OGLE-BLG-T2CEP-114  13.418 14.622   9.4730430 0.0006633  7006.82659  0.584  0.285 5.719  0.066 5.929
OGLE-BLG-T2CEP-115  14.663 16.711   3.2007423 0.0000023  7002.86474  0.638  0.331 5.324  0.134 4.291
OGLE-BLG-T2CEP-116  16.339 19.797   2.1461272 0.0000007  7000.38227  0.701  0.247 5.276  0.107 3.447
OGLE-BLG-T2CEP-117  14.632 17.604   9.5008230 0.0000534  7000.71312  0.169  0.148 0.996  0.034 1.907
OGLE-BLG-T2CEP-118  13.887 15.833   9.8918680 0.0000813  7007.62147  0.317  0.187 0.438  0.076 0.615
OGLE-BLG-T2CEP-119  18.798 21.745   2.8844775 0.0000141  7001.21700  0.300  0.353 4.788  0.044 4.111
OGLE-BLG-T2CEP-120  14.494 16.965   6.8914511 0.0000148  7004.52123  0.563  0.065 5.507  0.057 1.250
OGLE-BLG-T2CEP-121  14.526 16.976   9.5074901 0.0000878  7000.83529  0.195  0.155 1.066  0.048 1.435
OGLE-BLG-T2CEP-122  16.120 19.930   3.6949322 0.0000016  7003.01592  0.639  0.254 5.003  0.111 3.081
OGLE-BLG-T2CEP-123  14.437 17.721  10.3460645 0.0000782  7000.41940  0.230  0.117 1.244  0.036 1.831
OGLE-BLG-T2CEP-124  14.584 18.040  13.1373279 0.0001623  7011.38521  0.391  0.134 1.164  0.052 2.163
OGLE-BLG-T2CEP-125  16.292 19.933   2.2929547 0.0000013  7000.26658  0.406  0.170 5.516  0.091 3.386
OGLE-BLG-T2CEP-126  14.564 17.601   9.6457167 0.0000652  7008.71976  0.174  0.137 0.190  0.023 0.274
OGLE-BLG-T2CEP-127  14.343 17.117  11.5391348 0.0000281  7008.82051  0.969  0.449 5.602  0.070 3.656
OGLE-BLG-T2CEP-128  14.880 17.447   7.4701824 0.0000509  7006.37513  0.210  0.173 6.051  0.056 5.969
OGLE-BLG-T2CEP-129  16.152 19.060   2.0881523 0.0000007  7000.91998  0.397  0.155 5.507  0.097 3.103
OGLE-BLG-T2CEP-130  12.406 13.921  14.5203781 0.0017479  7009.62861  0.693  0.306 6.215  0.110 3.719
OGLE-BLG-T2CEP-131  13.663 17.217  56.9642823 0.0055814  7015.36889  0.568  0.109 0.178  0.096 0.864
OGLE-BLG-T2CEP-132  13.121 16.336  51.2876272 0.0041562  7021.81101  0.523  0.116 5.931  0.026 3.146
OGLE-BLG-T2CEP-133  15.133 17.339   2.3015158 0.0000030  7000.40660  0.430  0.180 5.538  0.089 3.465
OGLE-BLG-T2CEP-134  16.014 18.944   2.2282365 0.0000005  7000.47034  0.499  0.190 5.590  0.078 3.504
OGLE-BLG-T2CEP-135  13.754 16.532  23.2647465 0.0003790  7023.23722  0.862  0.189 6.152  0.065 5.237
OGLE-BLG-T2CEP-136  13.734 16.087  11.1568318 0.0002041  7001.51074  0.658  0.222 5.267  0.119 3.819
OGLE-BLG-T2CEP-137  13.543 15.858  12.7413677 0.0001559  7001.86250  0.386  0.104 1.760  0.067 2.601
OGLE-BLG-T2CEP-138  14.201 16.773  11.5247059 0.0000413  7001.37251  0.484  0.160 0.530  0.104 1.007
OGLE-BLG-T2CEP-139  15.337 18.467   5.9270822 0.0000219  7004.76464  0.223  0.162 5.470  0.044 5.132
OGLE-BLG-T2CEP-140  13.611 15.176  15.7476248 0.0002779  7009.18698  0.881  0.080 0.782  0.077 2.642
OGLE-BLG-T2CEP-141  18.884 20.867   3.1648592 0.0000611  7003.13911  0.969  0.279 5.248  0.000   -  
OGLE-BLG-T2CEP-142  15.173 17.700   2.6991883 0.0000009  7000.46507  0.544  0.237 5.603  0.103 4.232
OGLE-BLG-T2CEP-143  13.949 16.667  13.8626557 0.0001116  7008.08954  0.525  0.148 1.434  0.088 2.519
OGLE-BLG-T2CEP-144  13.598 16.821  23.2043327 0.0001509  7004.09650  0.929  0.400 5.663  0.220 4.168
OGLE-BLG-T2CEP-145  15.099 18.027   6.4352421 0.0000378  7000.48477  0.161  0.135 5.942  0.033 5.710
OGLE-BLG-T2CEP-146  12.853 15.440  30.0384913 0.0006949  7029.06652  0.799  0.191 6.127  0.096 5.349
OGLE-BLG-T2CEP-147  13.476 15.638  13.7875162 0.0000723  7013.74251  0.579  0.107 1.669  0.088 2.646
OGLE-BLG-T2CEP-148  14.137 16.677  14.5773466 0.0001233  7006.81347  0.659  0.276 5.742  0.106 5.300
OGLE-BLG-T2CEP-149  15.343 17.817   4.2294826 0.0000037  7002.84604  0.558  0.284 5.306  0.110 4.149
OGLE-BLG-T2CEP-150  15.022    -     1.3874402 0.0000008  7000.54082  0.606  0.330 4.300  0.093 0.353
OGLE-BLG-T2CEP-151  14.958 17.781   1.5018264 0.0000015  7000.35667  0.285  0.234 4.953  0.177 2.457
OGLE-BLG-T2CEP-152  14.099 15.408   3.1973584 0.0000047  7002.20435  0.795  0.356 5.199  0.203 3.882
OGLE-BLG-T2CEP-153  16.146 17.636   1.4843697 0.0000007  7001.00104  0.242  0.352 4.447  0.219 1.308
OGLE-BLG-T2CEP-154  14.843 16.730   2.2180112 0.0000018  7001.74896  0.584  0.221 5.493  0.079 3.767
OGLE-BLG-T2CEP-155  16.097 18.115   1.0705762 0.0000003  7000.56014  0.498  0.247 4.631  0.110 3.651
OGLE-BLG-T2CEP-156  14.844 16.924   4.5808806 0.0000173  7002.06844  0.268  0.157 5.033  0.039 3.899
OGLE-BLG-T2CEP-157  15.535 17.801   1.3328524 0.0000003  7000.11870  0.646  0.278 4.308  0.081 4.831
OGLE-BLG-T2CEP-158  14.758 17.142   3.8288367 0.0000023  7003.07522  0.696  0.319 5.497  0.116 4.568
OGLE-BLG-T2CEP-159  15.872 18.003   1.8893590 0.0000010  7000.70936  0.518  0.247 5.270  0.168 2.879
OGLE-BLG-T2CEP-160  13.589 15.766  21.5524487 0.0007944  7014.14221  0.759  0.425 5.636  0.256 4.219
OGLE-BLG-T2CEP-161  13.949 16.387  10.8973345 0.0000583  7006.60407  0.282  0.127 1.513  0.046 1.824
OGLE-BLG-T2CEP-162  13.978 16.199   9.7567163 0.0000934  7003.61534  0.401  0.237 5.485  0.050 4.610
OGLE-BLG-T2CEP-163  13.116 15.129  26.2504879 0.0024739  7003.06242  0.741  0.216 5.770  0.058 5.006
OGLE-BLG-T2CEP-164  14.213 16.290   7.6909730 0.0000297  7000.20465  0.166  0.150 0.281  0.033 0.467
OGLE-BLG-T2CEP-165  14.860 17.168   3.5134805 0.0000032  7002.97014  0.591  0.293 5.622  0.137 4.775
OGLE-BLG-T2CEP-166  14.476 16.342   2.2127918 0.0000004  7000.72956  0.572  0.124 5.208  0.114 2.088
OGLE-BLG-T2CEP-167  15.432 17.290   1.5839649 0.0000007  7000.54070  0.581  0.312 4.565  0.078 0.893
OGLE-BLG-T2CEP-168  16.020 17.691   1.4622648 0.0000009  7000.92121  0.639  0.308 4.767  0.208 1.707
OGLE-BLG-T2CEP-169  16.863 20.802   7.0557603 0.0000897  7002.52721  0.256  0.151 5.375  0.039 1.275
OGLE-BLG-T2CEP-170  12.886 14.485  14.4839646 0.0003714  7005.82501  0.548  0.107 1.764  0.086 2.660
OGLE-BLG-T2CEP-171  14.188 16.201   7.7453430 0.0000643  7005.82176  0.292  0.209 5.781  0.051 5.275
OGLE-BLG-T2CEP-172  13.111 16.127  65.4758358 0.0111894  7048.54741  0.844  0.266 4.432  0.060 3.541
OGLE-BLG-T2CEP-173  12.666 14.357  16.0646854 0.0000929  7012.82653  0.905  0.145 0.006  0.062 3.958
OGLE-BLG-T2CEP-174  13.688 15.710  10.3262069 0.0001398  7001.90044  0.236  0.127 1.277  0.044 2.070
OGLE-BLG-T2CEP-175  14.701 16.768   2.1549798 0.0000006  7001.38529  0.412  0.162 5.491  0.099 3.206
OGLE-BLG-T2CEP-176  15.077 16.847   3.5424092 0.0000015  7003.42309  0.523  0.291 5.549  0.138 4.726
OGLE-BLG-T2CEP-177  14.186    -    46.2267849 0.0158987  7023.71342  0.703  0.589 5.614  0.345 5.048
OGLE-BLG-T2CEP-178  15.481 17.614   1.8173610 0.0000004  7001.03010  0.554  0.323 4.834  0.198 2.134
OGLE-BLG-T2CEP-179  12.402 15.121  84.8101609 0.0353884  7031.57313  0.653  0.153 0.784  0.061 0.648
OGLE-BLG-T2CEP-180  14.441 16.283   3.6493762 0.0000050  7001.04713  0.228  0.156 5.247  0.044 4.530
OGLE-BLG-T2CEP-181  13.250 15.086   9.9383692 0.0000958  7005.69986  0.638  0.157 4.766  0.095 3.954
OGLE-BLG-T2CEP-182  12.271 14.475  36.2968106 0.0048088  7014.24713  0.708  0.163 5.922  0.046 5.966
OGLE-BLG-T2CEP-183  13.980 16.210  10.2650592 0.0000918  7009.97633  0.520  0.261 4.573  0.064 2.607
OGLE-BLG-T2CEP-184  14.974 16.611   1.3541307 0.0000002  7000.40799  0.494  0.315 5.148  0.174 4.364
OGLE-BLG-T2CEP-185  13.478 15.510  14.0294956 0.0008188  7010.90905  0.580  0.146 1.418  0.090 2.294
OGLE-BLG-T2CEP-186  13.506 15.415   7.4960704 0.0000563  7005.04551  0.133  0.126 0.321  0.023 0.749
OGLE-BLG-T2CEP-187  13.252 14.933   9.5935850 0.0001188  7006.08383  0.581  0.173 5.345  0.124 4.030
OGLE-BLG-T2CEP-188  15.199 16.995   1.9196279 0.0000007  7001.79998  0.380  0.121 5.241  0.146 2.620
OGLE-BLG-T2CEP-189  13.473 15.551  13.4114002 0.0000792  7004.44527  0.568  0.140 1.169  0.082 2.183
OGLE-BLG-T2CEP-190  14.917 16.857   1.7553983 0.0000003  7000.61327  0.492  0.227 5.637  0.053 3.749
OGLE-BLG-T2CEP-191  13.977 16.245  10.2129846 0.0000783  7003.02004  0.332  0.206 5.357  0.044 4.425
OGLE-BLG-T2CEP-192  14.812 17.024   2.7056066 0.0000019  7001.50645  0.203  0.220 5.271  0.001   -  
OGLE-BLG-T2CEP-193  12.917 14.937  23.7444978 0.0009755  7005.06028  1.019  0.163 6.024  0.035 5.502
OGLE-BLG-T2CEP-194  13.389 14.623  12.3798750 0.0004292  7011.71946  0.381  0.300 5.286  0.008 2.340
OGLE-BLG-T2CEP-195  15.542 17.652   1.5355930 0.0000004  7001.11626  0.296  0.026 0.663  0.038 1.217
OGLE-BLG-T2CEP-196  12.256 14.256  36.7372745 0.0025238  7022.30063  0.805  0.109 5.827  0.044 0.334
OGLE-BLG-T2CEP-197  13.884 16.374  10.8750571 0.0000521  7000.33234  0.196  0.117 1.749  0.045 2.579
OGLE-BLG-T2CEP-198  14.044    -     7.2909270 0.0000767  7001.07260  0.143  0.131 0.273  0.036 0.749
OGLE-BLG-T2CEP-199  15.616 17.098   1.0211884 0.0000008  7000.43866  0.272  0.311 5.381  0.085 4.682
OGLE-BLG-T2CEP-200  15.067 17.648   8.0797621 0.0000177  7002.63228  0.451  0.236 5.632  0.057 4.814
OGLE-BLG-T2CEP-201  13.534 15.652  11.2973441 0.0000588  7010.00033  0.269  0.116 1.639  0.055 2.365
OGLE-BLG-T2CEP-202  15.744 18.209   2.7591402 0.0000012  7001.99836  0.340  0.183 5.324  0.118 3.924
OGLE-BLG-T2CEP-203  15.058 18.122  10.7078683 0.0000769  7008.74432  0.365  0.172 0.596  0.081 0.731
OGLE-BLG-T2CEP-204  15.786 17.567   1.0606784 0.0000004  7000.35628  0.343  0.207 4.656  0.034 2.798
OGLE-BLG-T2CEP-205  13.622 15.819  24.1379843 0.0005128  7005.75165  0.887  0.069 0.111  0.032 2.204
OGLE-BLG-T2CEP-206  15.322 17.166   1.2907409 0.0000002  7000.25360  0.628  0.246 4.425  0.122 4.390
OGLE-BLG-T2CEP-207  14.749 15.945   1.7660408 0.0000019  7000.16927  0.692  0.282 4.762  0.209 2.779
OGLE-BLG-T2CEP-208  13.960 16.417  11.1512221 0.0000623  7005.27788  0.281  0.134 0.960  0.041 2.011
OGLE-BLG-T2CEP-209  15.445 17.279   1.1812838 0.0000017  7000.06059  0.388  0.330 5.153  0.143 4.065
OGLE-BLG-T2CEP-210  14.073 15.976   8.3760119 0.0001138  7005.34359  0.113  0.101 0.226  0.015 0.901
OGLE-BLG-T2CEP-211  15.440 17.452   1.5814335 0.0000003  7000.12546  0.639  0.371 4.514  0.041 1.174
OGLE-BLG-T2CEP-212  13.941 16.335  14.1261952 0.0001278  7008.62801  0.518  0.094 1.661  0.043 2.670
OGLE-BLG-T2CEP-213  15.230 16.704   1.1203184 0.0000002  7000.59716  0.569  0.254 4.644  0.133 3.694
OGLE-BLG-T2CEP-214  14.235 15.542   2.2378525 0.0000011  7000.45413  0.717  0.441 5.162  0.221 3.355
OGLE-BLG-T2CEP-215  14.084 17.348  27.8721560 0.0036216  7023.72340  0.601  0.214 5.319  0.036 3.427
OGLE-BLG-T2CEP-216  12.758 14.498  14.6764518 0.0000540  7002.34638  0.856  0.284 6.243  0.051 3.032
OGLE-BLG-T2CEP-217  12.927 15.004  22.4847188 0.0002579  7009.52065  0.901  0.164 0.018  0.049 5.569
OGLE-BLG-T2CEP-218  13.159 15.847  35.7712514 0.0024825  7009.37767  1.133  0.249 5.675  0.073 4.968
OGLE-BLG-T2CEP-219  13.808 15.984  12.0679246 0.0001457  7005.46854  0.829  0.333 5.539  0.046 0.606
OGLE-BLG-T2CEP-220  14.705 16.511   2.3142206 0.0000005  7001.67966  0.478  0.200 5.638  0.076 3.861
OGLE-BLG-T2CEP-221  12.054 13.789  20.1779697 0.0084972  7007.76731  1.165  0.240 6.184  0.096 5.091
OGLE-BLG-T2CEP-222  15.814 17.391   1.1479583 0.0000063  7000.76274  0.149  0.133 5.100  0.049 4.011
OGLE-BLG-T2CEP-223  14.668 16.280   1.8547265 0.0000005  7000.24531  0.738  0.487 4.494  0.264 1.941
OGLE-BLG-T2CEP-224  12.666 15.670  37.7501086 0.0049307  7014.97132  0.785  0.202 6.130  0.061 6.111
OGLE-BLG-T2CEP-225  17.206 19.751   1.0530961 0.0000004  7000.68623  0.350  0.311 5.131  0.114 3.615
OGLE-BLG-T2CEP-226  13.023 14.950  16.2936905 0.0000824  7009.43182  0.875  0.063 0.526  0.070 2.802
OGLE-BLG-T2CEP-227  16.935 19.113   1.6398670 0.0000006  7001.43545  0.551  0.288 4.711  0.157 1.350
OGLE-BLG-T2CEP-228  15.161    -     1.2045250 0.0000011  7000.02719  0.146  0.192 5.857  0.061 6.128
OGLE-BLG-T2CEP-229  12.352 14.392  33.3187508 0.0037746  7004.92563  0.684  0.127 5.905  0.057 4.380
OGLE-BLG-T2CEP-230  13.581 16.047  16.3990936 0.0004142  7014.63078  0.877  0.079 0.385  0.055 3.197
OGLE-BLG-T2CEP-231  14.332 15.596   1.5139116 0.0000003  7000.26163  0.738  0.414 4.276  0.051 0.978
OGLE-BLG-T2CEP-232  12.873 14.816  22.0172465 0.0004800  7015.69975  0.876  0.123 6.098  0.027 3.773
OGLE-BLG-T2CEP-233  15.028 16.898   2.3207355 0.0000010  7000.54242  0.428  0.189 5.603  0.086 3.782
OGLE-BLG-T2CEP-234  14.816 16.354   1.4001938 0.0000002  7000.59436  0.691  0.346 4.299  0.025 3.741
OGLE-BLG-T2CEP-235  14.275 15.637   2.8841326 0.0000017  7000.20572  0.766  0.323 5.224  0.144 3.756
OGLE-BLG-T2CEP-236  13.864 15.552   7.1384277 0.0001549  7005.68111  0.373  0.244 5.489  0.063 5.040
OGLE-BLG-T2CEP-237  14.155 16.503  10.1014876 0.0000858  7001.90880  0.407  0.161 6.096  0.062 5.712
OGLE-BLG-T2CEP-238  14.628 16.295   2.7700147 0.0000009  7001.54586  0.442  0.224 5.524  0.124 4.200
OGLE-BLG-T2CEP-239  13.410 15.544  12.0249947 0.0001664  7006.36430  0.255  0.071 1.780  0.041 2.199
OGLE-BLG-T2CEP-240  14.247 16.698  11.5129700 0.0000783  7005.77491  0.712  0.227 5.561  0.083 0.325
OGLE-BLG-T2CEP-241  12.731 14.345  15.2890915 0.0003016  7014.68527  0.844  0.119 1.038  0.087 2.236
OGLE-BLG-T2CEP-242  15.150 16.870   1.6982136 0.0000004  7001.16408  0.474  0.161 5.372  0.151 2.422
OGLE-BLG-T2CEP-243  13.418 15.171  10.6384450 0.0000669  7000.93860  0.258  0.137 1.252  0.052 2.190
OGLE-BLG-T2CEP-244  13.668 15.597   8.5323875 0.0000489  7000.16431  0.136  0.122 0.640  0.012 0.814
OGLE-BLG-T2CEP-246  11.731 13.379  31.5270141 0.0036478  7002.69872  0.651  0.389 5.967  0.207 4.544
OGLE-BLG-T2CEP-247  14.786 16.285   1.7303820 0.0000007  7000.91069  0.568  0.300 4.866  0.200 2.089
OGLE-BLG-T2CEP-248  13.173 15.318  20.6275946 0.0003490  7002.95157  0.880  0.082 6.013  0.024 2.841
OGLE-BLG-T2CEP-249  11.724 13.330  31.8000110 0.0046214  7006.28591  0.905  0.162 5.787  0.062 5.610
OGLE-BLG-T2CEP-250  12.618 14.256  15.7571359 0.0008542  7014.45706  0.760  0.115 1.007  0.076 2.787
OGLE-BLG-T2CEP-251  15.149 17.006   1.5461472 0.0000003  7000.43793  0.582  0.308 4.569  0.054 0.731
OGLE-BLG-T2CEP-252  15.278 16.795   2.0298239 0.0000009  7001.72714  0.611  0.188 5.442  0.072 3.130
OGLE-BLG-T2CEP-253  13.700 15.554   8.5073078 0.0000406  7002.10399  0.127  0.115 0.549  0.019 1.115
OGLE-BLG-T2CEP-254  13.859 15.962   9.8228498 0.0001352  7008.89809  0.189  0.132 1.106  0.047 1.741
OGLE-BLG-T2CEP-255  13.333 15.444  13.9394134 0.0001050  7013.90412  0.935  0.275 0.086  0.071 2.649
OGLE-BLG-T2CEP-256  13.570 16.354  18.9601028 0.0001331  7001.19391  0.821  0.083 1.441  0.083 2.281
OGLE-BLG-T2CEP-257  14.457 15.991   2.2456854 0.0000015  7001.64316  0.512  0.188 5.591  0.069 3.866
OGLE-BLG-T2CEP-258  13.006 15.271  32.7529725 0.0019311  7017.48888  0.635  0.059 5.722  0.018 1.231
OGLE-BLG-T2CEP-259  14.450 15.920   2.2474467 0.0000005  7000.99998  0.420  0.175 5.490  0.093 3.419
OGLE-BLG-T2CEP-260  15.182 17.887   4.0999346 0.0000094  7001.19580  0.267  0.199 5.539  0.053 5.132
OGLE-BLG-T2CEP-261  16.719 19.474   1.0395559 0.0000013  7000.60572  0.120  0.165 5.683  0.062 5.746
OGLE-BLG-T2CEP-262  12.068 13.720  23.7590867 0.0002258  7021.65251  0.950  0.398 5.683  0.221 4.156
OGLE-BLG-T2CEP-263  12.221 14.010  28.3377474 0.0009959  7009.77901  0.826  0.140 6.162  0.036 5.468
OGLE-BLG-T2CEP-265  13.335 15.258  12.2526211 0.0001817  7011.09283  0.887  0.360 5.539  0.039 0.804
OGLE-BLG-T2CEP-266  14.470 15.402   1.7198681 0.0000023  7000.90226  0.448  0.149 5.191  0.173 2.361
OGLE-BLG-T2CEP-267  14.039 15.663   5.5295907 0.0000576  7005.02252  0.181  0.080 4.829  0.006 3.053
OGLE-BLG-T2CEP-268  12.681 14.795  38.0202983 0.0022118  7015.37529  0.738  0.112 5.897  0.047 5.906
OGLE-BLG-T2CEP-269  14.496 17.138   9.7163204 0.0000341  7000.08803  0.565  0.155 5.408  0.110 4.084
OGLE-BLG-T2CEP-270  16.245 18.770   1.8738334 0.0000012  7001.51641  0.585  0.263 5.272  0.169 3.051
OGLE-BLG-T2CEP-271  13.048 14.880  14.0328563 0.0002482  7003.66866  0.506  0.099 1.872  0.076 2.744
OGLE-BLG-T2CEP-272  13.215 15.124  10.0815618 0.0002451  7002.45103  0.163  0.103 5.577  0.027 4.638
OGLE-BLG-T2CEP-273  13.121 14.597   3.8570348 0.0000205  7001.08192  0.602  0.300 5.322  0.095 4.482
OGLE-BLG-T2CEP-274  14.718 15.910   2.1152519 0.0000018  7000.79261  0.663  0.223 5.379  0.087 3.322
OGLE-BLG-T2CEP-275  12.948 14.474   9.9372749 0.0000692  7005.08795  0.618  0.154 5.194  0.120 4.908
OGLE-BLG-T2CEP-276  14.636 15.826   1.1390183 0.0000002  7000.18022  0.597  0.247 4.694  0.130 3.664
OGLE-BLG-T2CEP-277  12.728 14.422  14.9469547 0.0000895  7013.39477  0.702  0.106 1.241  0.083 2.473
OGLE-BLG-T2CEP-278  14.886 16.202   1.5052195 0.0000003  7000.91460  0.620  0.345 4.205  0.068 0.533
OGLE-BLG-T2CEP-279  14.785 16.470   2.3992793 0.0000021  7002.20193  0.590  0.219 5.466  0.079 3.990
OGLE-BLG-T2CEP-280  15.105 16.738   1.6845283 0.0000006  7000.39305  0.210  0.116 3.039  0.129 2.114
OGLE-BLG-T2CEP-281  14.931 16.335   1.3511572 0.0000006  7000.46601  0.558  0.266 4.292  0.066 3.578
OGLE-BLG-T2CEP-282  13.485 15.150   8.9152996 0.0000335  7007.75213  0.397  0.215 5.811  0.060 4.762
OGLE-BLG-T2CEP-283  14.430 15.518   1.7480269 0.0000005  7000.28923  0.773  0.468 4.558  0.255 1.905
OGLE-BLG-T2CEP-284  14.362 15.538   1.7972180 0.0000007  7001.78647  0.693  0.450 4.719  0.262 2.205
OGLE-BLG-T2CEP-285  13.184 14.698   8.7878791 0.0001677  7001.92651  0.121  0.118 0.604  0.030 1.620
OGLE-BLG-T2CEP-286  14.214 15.724   2.8411888 0.0000027  7002.77036  0.549  0.172 5.216  0.088 2.786
OGLE-BLG-T2CEP-287  12.520 13.783  11.5736253 0.0002533  7002.10637  0.782  0.324 4.975  0.116 4.508
OGLE-BLG-T2CEP-288  11.488 12.698  40.3099025 0.0612583  7000.55587  1.058  0.226 0.159  0.202 5.611
OGLE-BLG-T2CEP-289  14.123 15.348   2.2860161 0.0000008  7000.74229  0.722  0.454 4.866  0.281 2.864
OGLE-BLG-T2CEP-290  13.395 14.925   7.4543433 0.0000901  7005.65705  0.172  0.076 5.077  0.015 1.985
OGLE-BLG-T2CEP-291  14.168 15.589   2.2841609 0.0000013  7001.77260  0.569  0.202 5.471  0.086 3.940
OGLE-BLG-T2CEP-292  13.198 14.949   9.2021887 0.0000865  7004.21614  0.190  0.146 1.021  0.037 1.658
OGLE-BLG-T2CEP-293  13.566 15.046   6.2290761 0.0000300  7005.03529  0.719  0.252 5.388  0.064 4.110
OGLE-BLG-T2CEP-294  14.278 15.950   3.8829538 0.0000078  7001.93240  0.529  0.254 5.045  0.094 3.443
OGLE-BLG-T2CEP-296  15.509 17.841   1.8153678 0.0000009  7001.19618  0.756  0.431 4.799  0.259 2.369
OGLE-BLG-T2CEP-297  14.597 15.860   1.1130139 0.0000008  7000.29243  0.185  0.234 5.672  0.078 5.699
OGLE-BLG-T2CEP-298  12.257 13.890  31.6115772 0.0019887  7025.67478  0.932  0.162 5.667  0.021 5.731
OGLE-BLG-T2CEP-299  13.284 14.977  14.1837031 0.0004447  7005.24127  0.614  0.107 1.840  0.080 2.333
OGLE-BLG-T2CEP-300  13.902 14.832   2.2068479 0.0000021  7001.91996  0.532  0.178 5.501  0.071 3.628
OGLE-BLG-T2CEP-301  13.005 14.349  10.5882694 0.0001727  7010.10642  0.288  0.130 1.478  0.076 2.093
OGLE-BLG-T2CEP-302  12.489 14.461  25.4275063 0.0006790  7011.08634  0.875  0.143 6.047  0.041 5.200
OGLE-BLG-T2CEP-303  11.839 13.832  38.3562653 0.0120197  7029.04030  0.827  0.147 5.947  0.086 6.129
OGLE-BLG-T2CEP-304  14.668 15.924   1.5322484 0.0000010  7000.65231  0.558  0.256 4.597  0.070 0.495
OGLE-BLG-T2CEP-305  12.638 13.985  15.1130547 0.0005094  7004.99734  0.808  0.097 1.510  0.109 2.463
OGLE-BLG-T2CEP-306  12.779 14.447  15.2836679 0.0001753  7010.48536  0.849  0.113 1.114  0.089 2.503
OGLE-BLG-T2CEP-307  15.666 18.119  25.4749031 0.0048025  7036.25332  0.829  0.248 0.697  0.119 0.998
OGLE-BLG-T2CEP-308  15.326 17.400   1.8595043 0.0000014  7000.23049  0.438  0.197 5.469  0.130 2.907
OGLE-BLG-T2CEP-309  15.312 16.819   1.1481560 0.0000028  7000.98631  0.089  0.108 5.367  0.012   -  
OGLE-BLG-T2CEP-310  13.342 14.699   9.4649251 0.0002205  7006.62448  0.168  0.147 1.345  0.031 1.730
OGLE-BLG-T2CEP-311  14.185 15.811   3.8617874 0.0000055  7003.54131  0.474  0.279 5.660  0.125 5.004
OGLE-BLG-T2CEP-312  13.233 14.964   8.1140320 0.0000600  7006.94851  0.281  0.202 6.016  0.057 5.786
OGLE-BLG-T2CEP-313  12.918 14.221   7.5231836 0.0000561  7000.56900  0.414  0.040 4.713  0.057 1.629
OGLE-BLG-T2CEP-314  12.540 13.832   9.5074675 0.0001077  7003.98098  0.446  0.176 4.284  0.057 2.504
OGLE-BLG-T2CEP-315  14.647    -     1.8957441 0.0000138  7001.22659  0.143  0.372 4.635  0.101 2.286
OGLE-BLG-T2CEP-316  14.294 16.182   3.1266424 0.0000050  7000.88130  0.548  0.274 5.469  0.158 4.475
OGLE-BLG-T2CEP-317  13.771 15.117   7.8691090 0.0002391  7000.00543  0.350  0.136 0.537  0.058 0.844
OGLE-BLG-T2CEP-318  12.801 14.024  12.1549484 0.0009191  7005.03885  0.255  0.070 2.237  0.015 2.039
OGLE-BLG-T2CEP-319  12.966 14.738  12.7815144 0.0001046  7010.82968  0.650  0.194 0.552  0.126 1.485
OGLE-BLG-T2CEP-320  13.380 15.035   8.9281155 0.0006879  7008.38208  0.134  0.105 0.744  0.022 1.499
OGLE-BLG-T2CEP-321  12.250 13.845  22.5480109 0.0015406  7001.72104  0.827  0.090 6.238  0.019 2.708
OGLE-BLG-T2CEP-322  14.720 15.968   1.3971628 0.0000003  7000.47786  0.626  0.305 4.198  0.028 4.791
OGLE-BLG-T2CEP-324  12.490 13.299  27.3421415 0.0048445  7009.45829  1.106  0.204 5.984  0.127 5.228
OGLE-BLG-T2CEP-325  13.917 14.779   1.4842487 0.0000016  7000.22604  0.733  0.400 4.344  0.181 1.050
OGLE-BLG-T2CEP-326  14.447 15.347   1.0808845 0.0000008  7000.40929  0.252  0.231 5.477  0.053 5.182
OGLE-BLG-T2CEP-327  14.344 16.550   6.9978218 0.0000481  7001.39313  0.338  0.209 5.537  0.055 5.083
OGLE-BLG-T2CEP-328  13.225 14.666  12.1527016 0.0003073  7009.18760  0.328  0.118 1.922  0.070 2.675
OGLE-BLG-T2CEP-329  13.765 15.802   7.5706474 0.0001892  7001.19707  0.255  0.135 4.989  0.040 4.178
OGLE-BLG-T2CEP-330  12.806 13.644   1.7246186 0.0000020  7001.65658  0.567  0.348 5.255  0.141 3.574
OGLE-BLG-T2CEP-331  14.454 15.475   1.6359600 0.0000017  7000.59098  0.606  0.374 4.204  0.092 1.406
OGLE-BLG-T2CEP-332  15.765 16.987   1.1397624 0.0000008  7000.80374  0.583  0.252 4.632  0.121 3.642
OGLE-BLG-T2CEP-333  14.326 15.808   5.7136422 0.0005380  7005.29998  0.193  0.202 1.169  0.031 0.494
OGLE-BLG-T2CEP-334  14.366 15.555   2.0982304 0.0001019  7001.65670  0.695  0.348 5.124  0.207 3.237
OGLE-BLG-T2CEP-335  14.616 16.308   5.0915727 0.0004099  7000.53839  0.418  0.195 1.610  0.047 1.470
OGLE-BLG-T2CEP-336  13.221 15.600  44.1674654 0.1174946  7026.37372  0.353  0.473 5.887  0.122 5.283
OGLE-BLG-T2CEP-337  13.750 16.342  20.2567544 0.0020559  7011.34985  0.975  0.223 5.967  0.021 5.634
OGLE-BLG-T2CEP-338  13.819 16.131  25.0836980 0.0079530  7000.63662  0.844  0.055 5.991  0.027 1.875
OGLE-BLG-T2CEP-339  13.316 16.049  37.1429357 0.0454991  7005.94659  0.759  0.210 0.002  0.115 6.229
OGLE-BLG-T2CEP-340  14.725 18.033  42.3823455 0.0167233  7030.48701  0.577  0.042 0.912  0.110 3.485
OGLE-BLG-T2CEP-341  18.282    -    46.2582403 0.0056492  7016.94743  0.239  0.123 3.708  0.127 1.272
OGLE-BLG-T2CEP-342  12.790 14.585  30.9865850 0.0016132  7024.26185  0.769  0.117 5.579  0.010 4.051
OGLE-BLG-T2CEP-343  17.105 18.725  24.7443721 0.0021737  7004.14765  0.711  0.196 5.589  0.052 4.738
OGLE-BLG-T2CEP-344  13.252 16.458  43.1781353 0.0068236  7006.67545  0.136  0.198 0.355  0.195 0.233
OGLE-BLG-T2CEP-345  15.131 16.879  36.7935185 0.0034059  7019.99224  0.789  0.119 5.611  0.040 3.965
OGLE-BLG-T2CEP-346  13.160    -    29.8350183 0.0129692  7015.05445  1.357  0.181 0.032  0.098 5.450
OGLE-BLG-T2CEP-347  14.902 17.892  25.5818856 0.0014660  7021.29034  0.744  0.102 0.714  0.036 2.827
OGLE-BLG-T2CEP-348  15.765 18.619  36.3566030 0.0026834  7020.04412  0.343  0.176 0.610  0.095 5.717
OGLE-BLG-T2CEP-349  13.176 15.311  51.7851909 0.0058462  7043.31410  0.316  0.096 4.189  0.027 4.607
OGLE-BLG-T2CEP-350  14.387 16.556  43.0894628 0.0047718  7030.66595  0.802  0.198 0.623  0.514 2.359
OGLE-BLG-T2CEP-351  13.262 16.081  44.1540482 0.0068041  7000.59557  0.459  0.189 5.690  0.076 5.186
OGLE-BLG-T2CEP-352  12.154 14.231  52.1792671 0.0768305  7012.59451  0.234  0.458 4.932  0.026 0.476
OGLE-BLG-T2CEP-353  14.594 17.305  29.3419740 0.0043651  7006.26792  0.339  0.085 5.123  0.069 5.503
OGLE-BLG-T2CEP-354  13.110 15.854  33.2723119 0.0046718  7025.73281  0.540  0.096 5.515  0.027 0.011
OGLE-BLG-T2CEP-355  12.570 13.962  21.4267746 0.0085991  7005.65367  0.725  0.079 0.308  0.064 2.032
OGLE-BLG-T2CEP-356  13.446 14.889  35.4781155 0.0363260  7010.48485  0.756  0.118 5.886  0.060 0.446
OGLE-BLG-T2CEP-357  12.232 13.448  58.4803529 0.4436361  7053.28905  0.753  0.197 4.457  0.282 5.253
OGLE-BLG-T2CEP-358  13.569 14.904   1.5578107 0.0000011  7000.71858  0.528  0.367 5.169  0.118 3.398
OGLE-BLG-T2CEP-359  15.468 17.289   1.6126268 0.0000007  7000.68385  0.528  0.228 5.606  0.054 3.777
OGLE-BLG-T2CEP-360  15.011 16.510   2.0017367 0.0000029  7001.16217  0.594  0.208 5.340  0.077 2.811
OGLE-BLG-T2CEP-361  15.866 17.907   2.3378848 0.0000020  7002.33603  0.600  0.192 5.399  0.069 3.201
OGLE-BLG-T2CEP-362  13.907 15.652   9.6412398 0.0004946  7003.08006  0.141  0.116 1.322  0.036 2.427
OGLE-BLG-T2CEP-363  13.522 15.496  13.6655296 0.0003045  7007.40061  0.475  0.120 1.924  0.067 2.611
OGLE-BLG-T2CEP-364  13.415 15.680  31.4088700 0.0026933  7003.66800  0.820  0.211 6.021  0.106 5.696
OGLE-BLG-T2CEP-365  14.244 16.934  13.4056955 0.0004350  7003.14276  0.600  0.132 1.314  0.088 2.023
OGLE-BLG-T2CEP-366  14.741 16.960   7.1647911 0.0001033  7002.44456  0.278  0.173 5.712  0.063 5.251
OGLE-BLG-T2CEP-367  14.667 17.339  15.3637797 0.0001937  7004.58797  0.891  0.123 0.932  0.092 2.478
OGLE-BLG-T2CEP-368  14.336 16.854   7.6138273 0.0002615  7001.69332  0.311  0.192 5.562  0.040 5.576
OGLE-BLG-T2CEP-369  15.891 17.923   1.4738945 0.0000025  7001.18228  0.167  0.158 2.541  0.108 1.591
OGLE-BLG-T2CEP-370  16.847 19.673   4.0679633 0.0001350  7000.09076  0.335  0.443 4.737  0.000   -  
OGLE-BLG-T2CEP-371  13.159 15.519  13.7721679 0.0005577  7003.71939  0.705  0.181 0.856  0.114 2.013
OGLE-BLG-T2CEP-372  14.737 17.150   7.1719363 0.0000901  7007.07791  0.122  0.106 0.135  0.028 0.458
OGLE-BLG-T2CEP-373  13.129 15.697  24.1794931 0.0007309  7019.07748  0.905  0.374 5.742  0.167 4.280
OGLE-BLG-T2CEP-374  14.975 17.173   5.4743086 0.0000975  7000.35309  0.263  0.116 4.956  0.016 5.435
OGLE-BLG-T2CEP-375  14.888 18.622  14.9312788 0.0001049  7006.84723  0.960  0.327 6.118  0.059 3.380
OGLE-BLG-T2CEP-376  16.329 18.456   1.0323555 0.0000006  7000.20443  0.564  0.348 4.823  0.116 3.257
OGLE-BLG-T2CEP-377  14.811 16.829   3.8235452 0.0000079  7001.52411  0.643  0.273 5.136  0.100 3.578
OGLE-BLG-T2CEP-378  18.507    -     1.9070602 0.0000720  7001.61429  0.300  0.401 4.991  0.000   -  
OGLE-BLG-T2CEP-379  16.022 19.865   9.5370497 0.0002730  7006.91877  0.225  0.154 0.914  0.036 1.623
OGLE-BLG-T2CEP-380  13.746 15.880   9.8323612 0.0006662  7007.16592  0.842  0.286 5.960  0.079 1.512
OGLE-BLG-T2CEP-381  16.665 21.592  17.2109456 0.0006103  7010.60965  0.917  0.327 5.804  0.143 4.262
OGLE-BLG-T2CEP-382  14.779 18.219  15.5835332 0.0004567  7008.47092  0.844  0.075 0.681  0.062 2.986
OGLE-BLG-T2CEP-383  16.704 19.658   2.6661569 0.0000382  7002.66266  0.493  0.240 5.541  0.103 3.909
OGLE-BLG-T2CEP-384  16.281 18.878   1.4939000 0.0000007  7001.42461  0.689  0.289 4.876  0.190 2.125
OGLE-BLG-T2CEP-385  12.664 15.164  30.1065894 0.0051666  7018.59734  0.395  0.290 5.950  0.104 5.198
OGLE-BLG-T2CEP-386  18.166    -     1.9532435 0.0000042  7001.82410  0.588  0.146 5.252  0.074 2.403
OGLE-BLG-T2CEP-387  16.701 20.061   2.4433916 0.0000021  7001.70451  0.627  0.413 4.889  0.265 3.043
OGLE-BLG-T2CEP-388  16.153 20.769  11.6279800 0.0004193  7009.63485  0.450  0.183 4.112  0.112 2.986
OGLE-BLG-T2CEP-389  14.129 16.916  22.4965198 0.0019992  7019.94801  1.105  0.202 0.037  0.084 0.383
OGLE-BLG-T2CEP-390  16.101 19.906  10.3792592 0.0002737  7000.18609  0.169  0.119 1.681  0.040 2.322
OGLE-BLG-T2CEP-391  17.694 21.153   1.2543285 0.0000025  7001.24927  0.637  0.266 4.491  0.128 3.325
OGLE-BLG-T2CEP-392  18.321    -     7.1574696 0.0002624  7006.62408  0.383  0.274 5.427  0.079 5.404
OGLE-BLG-T2CEP-393  18.339    -    17.8678221 0.0007567  7009.79186  0.946  0.105 0.107  0.051 2.994
OGLE-BLG-T2CEP-394  17.234    -    15.4529937 0.0011057  7002.03873  0.708  0.067 1.515  0.080 2.763
OGLE-BLG-T2CEP-395  16.784 19.740   2.1954961 0.0000231  7000.36744  0.451  0.186 5.487  0.087 3.738
OGLE-BLG-T2CEP-396  15.297 18.406   9.9885771 0.0003114  7001.43833  0.146  0.106 1.567  0.049 3.138
OGLE-BLG-T2CEP-397  18.346    -    19.6021316 0.0012835  7007.13971  0.974  0.177 6.109  0.025   -  
OGLE-BLG-T2CEP-398  16.020 18.500   1.4085488 0.0000009  7000.63771  0.637  0.329 4.177  0.036 5.353
OGLE-BLG-T2CEP-399  13.377 15.792  33.5420769 0.0039154  7023.13973  1.444  0.309 5.694  0.093 4.871
OGLE-BLG-T2CEP-400  14.188 17.211  19.2532215 0.0003337  7017.58356  0.915  0.122 6.218  0.025 3.471
OGLE-BLG-T2CEP-401  13.825 17.012  32.8187894 0.0024451  7018.69471  0.896  0.170 5.898  0.066 5.834
OGLE-BLG-T2CEP-402  14.564 17.748  32.7843807 0.0126077  7002.45752  0.977  0.146 5.622  0.064 3.910
OGLE-BLG-T2CEP-403  16.247 19.439   4.7107487 0.0001306  7000.36342  0.469  0.061 4.652  0.083 2.580
OGLE-BLG-T2CEP-404  14.212 17.179  17.8634557 0.0001979  7009.24860  0.931  0.176 6.210  0.046 4.094
OGLE-BLG-T2CEP-405  14.723 17.130   3.3866982 0.0000032  7000.04535  0.537  0.273 5.497  0.124 4.671
OGLE-BLG-T2CEP-406  18.446    -     2.1031962 0.0000150  7000.09624  0.595  0.174 5.066  0.109 2.811
OGLE-BLG-T2CEP-407  12.674 15.139  30.0180499 0.0042622  7003.74944  0.658  0.219 6.082  0.099 4.959
OGLE-BLG-T2CEP-408  13.599 16.165  16.4009440 0.0001534  7009.33334  0.896  0.109 0.008  0.049 3.621
OGLE-BLG-T2CEP-409  17.376 20.263   1.0770027 0.0000015  7000.81062  0.328  0.173 4.657  0.080 3.959
OGLE-BLG-T2CEP-410  16.580 19.664   2.9380759 0.0000773  7000.26778  0.476  0.148 5.707  0.080 4.803
OGLE-BLG-T2CEP-411  17.104 21.451   3.5377485 0.0000121  7003.27259  0.934  0.404 5.304  0.258 4.393
OGLE-BLG-T2CEP-412  14.252 17.011  14.4177458 0.0001414  7007.70608  0.889  0.182 0.302  0.070 3.041
OGLE-BLG-T2CEP-413  14.759 18.202  30.7066742 0.0034888  7011.07461  0.686  0.112 5.862  0.020 5.508
OGLE-BLG-T2CEP-414  16.413 19.117   1.6460215 0.0000012  7000.00076  0.596  0.344 4.658  0.110 1.446
OGLE-BLG-T2CEP-415  17.137 20.155   1.6308089 0.0000061  7000.23192  0.551  0.242 5.100  0.183 2.437
OGLE-BLG-T2CEP-416  14.172 17.236  24.8011813 0.0009720  7022.41953  0.855  0.070 5.601  0.025 3.316
OGLE-BLG-T2CEP-417  16.416 19.066   1.6743605 0.0000012  7001.40265  0.532  0.295 4.882  0.146 1.677
OGLE-BLG-T2CEP-418  17.687 21.149   1.5373959 0.0000039  7001.29765  0.523  0.160 5.178  0.200 2.010
OGLE-BLG-T2CEP-419  15.159 17.509   3.4710817 0.0000047  7003.30637  0.547  0.292 5.498  0.143 4.668
OGLE-BLG-T2CEP-420  12.612 15.316  42.6228209 0.0106642  7036.33204  0.439  0.141 5.088  0.048 4.262
OGLE-BLG-T2CEP-421  16.849 21.498   7.1458073 0.0000522  7003.98581  0.557  0.103 5.277  0.053 2.620
OGLE-BLG-T2CEP-422  17.089 20.026   1.0140149 0.0000010  7000.68301  0.276  0.310 5.437  0.092 4.852
OGLE-BLG-T2CEP-423  15.627 18.609   6.6172469 0.0000811  7005.40895  0.349  0.232 5.316  0.065 4.729
OGLE-BLG-T2CEP-424  16.481 19.122   1.3217685 0.0000009  7000.48138  0.552  0.278 4.650  0.159 1.582
OGLE-BLG-T2CEP-425  14.040 17.562  28.6301777 0.0017624  7024.79246  0.879  0.251 6.022  0.135 5.294
OGLE-BLG-T2CEP-426  16.133 18.752   2.1844422 0.0000022  7001.54142  0.381  0.143 5.467  0.103 3.135
OGLE-BLG-T2CEP-427  16.993 19.963   1.0733238 0.0000059  7000.12855  0.412  0.419 4.612  0.243 2.983
OGLE-BLG-T2CEP-428  14.981 16.436   1.2119510 0.0000010  7000.33376  0.545  0.260 4.402  0.073 3.895
OGLE-BLG-T2CEP-429  16.237 19.548   8.8470326 0.0010043  7004.56159  0.175  0.162 1.000  0.032   -  
OGLE-BLG-T2CEP-430  15.287 18.438   9.3796981 0.0007514  7005.95107  0.156  0.128 0.511  0.034 0.852
OGLE-BLG-T2CEP-431  14.711 18.044  20.6716979 0.0004018  7008.58478  0.751  0.045 5.275  0.045 2.942
OGLE-BLG-T2CEP-432  14.518 17.234  12.9556687 0.0004600  7007.12433  0.328  0.113 2.170  0.044 2.907
OGLE-BLG-T2CEP-433  14.978 18.042   9.4611282 0.0001433  7003.94512  0.201  0.135 1.175  0.043 1.484
OGLE-BLG-T2CEP-434  16.620    -    23.8832434 0.0019680  7022.91650  1.101  0.174 0.021  0.021 0.640
OGLE-BLG-T2CEP-435  14.203 17.159  14.8556911 0.0001171  7002.91324  0.900  0.314 6.053  0.089 3.541
OGLE-BLG-T2CEP-436  13.709 17.015  24.5058337 0.0036213  7007.46029  0.875  0.232 5.485  0.066 4.093
OGLE-BLG-T2CEP-437  13.061 15.652  35.1904507 0.0030217  7016.63752  0.822  0.124 5.802  0.026 5.902
OGLE-BLG-T2CEP-438  13.734 16.270  15.1176150 0.0001189  7000.78504  0.864  0.514 5.457  0.245 3.576
OGLE-BLG-T2CEP-439  14.647 17.424   9.3782229 0.0001012  7002.72607  0.267  0.189 0.372  0.041 1.060
OGLE-BLG-T2CEP-440  16.391    -     2.0984139 0.0000128  7000.23431  0.565  0.182 5.592  0.084 3.336
OGLE-BLG-T2CEP-441  15.539 19.067  15.0946016 0.0006540  7013.86097  0.666  0.108 1.492  0.090 2.297
OGLE-BLG-T2CEP-442  15.822 17.520   1.0628337 0.0000007  7000.06477  0.612  0.334 4.758  0.118 2.934
OGLE-BLG-T2CEP-443  14.315 17.053  10.6378927 0.0002581  7001.71681  0.769  0.276 5.108  0.092 5.155
OGLE-BLG-T2CEP-444  18.044    -     1.5386376 0.0000256  7001.41553  0.651  0.315 4.301  0.121 0.762
OGLE-BLG-T2CEP-445  16.741 19.383   8.7457486 0.0000651  7002.15495  0.180  0.114 0.053  0.003   -  
OGLE-BLG-T2CEP-446  16.941 20.426   3.7233000 0.0000156  7002.31745  0.436  0.262 5.558  0.126 4.964
OGLE-BLG-T2CEP-447  15.554 18.624  10.8084540 0.0000901  7010.70383  0.319  0.207 5.638  0.052 4.890
OGLE-BLG-T2CEP-448  16.956 20.416   1.5565537 0.0000039  7000.34702  0.361  0.155 5.451  0.177 1.270
OGLE-BLG-T2CEP-449  18.188 21.868   1.0451218 0.0000058  7000.35655  0.195  0.272 5.455  0.000   -  
OGLE-BLG-T2CEP-450  15.937 19.863   3.4495701 0.0000147  7001.69656  0.287  0.260 4.951  0.102 3.365
OGLE-BLG-T2CEP-451  15.904 20.659  17.3069039 0.0003625  7014.44319  0.958  0.361 5.544  0.094 3.447
OGLE-BLG-T2CEP-452  14.897 18.223  14.2342574 0.0001966  7006.24881  0.899  0.212 0.467  0.099 2.090
OGLE-BLG-T2CEP-453  14.843 18.196  12.1852385 0.0000847  7004.94701  0.813  0.383 5.601  0.027 2.792
OGLE-BLG-T2CEP-454  16.516 18.725   1.4155170 0.0000005  7000.14148  0.457  0.296 5.416  0.080 3.860
OGLE-BLG-T2CEP-455  14.959 17.898   9.1411948 0.0002107  7004.22348  0.123  0.097 0.984  0.029 1.628
OGLE-BLG-T2CEP-456  15.196 18.687  15.1202483 0.0004688  7000.62242  0.914  0.154 0.656  0.074 2.089
OGLE-BLG-T2CEP-457  12.980 14.825   9.3421745 0.0001214  7001.09450  0.241  0.167 0.793  0.050 0.651
OGLE-BLG-T2CEP-458  14.872 17.849  16.7637118 0.0001575  7000.30145  0.744  0.262 6.169  0.090 6.281
OGLE-BLG-T2CEP-459  15.514 18.879   9.1728636 0.0002441  7005.83945  0.151  0.122 0.850  0.022 0.847
OGLE-BLG-T2CEP-460  17.131 21.592   3.5814919 0.0000093  7003.06906  0.671  0.310 5.164  0.162 3.795
OGLE-BLG-T2CEP-461  16.845    -     6.7115531 0.0003546  7003.48632  0.513  0.217 5.645  0.029 4.504
OGLE-BLG-T2CEP-462  17.059 20.258   1.1980298 0.0000010  7000.09861  0.507  0.248 4.476  0.084 3.769
OGLE-BLG-T2CEP-463  14.438    -    25.7753748 0.0240436  7016.81464  1.458  0.271 5.749  0.134 4.972
OGLE-BLG-T2CEP-464  17.182 20.611   1.8404066 0.0000025  7000.43952  0.367  0.097 4.952  0.183 2.419
OGLE-BLG-T2CEP-465  15.246 18.866  18.3635168 0.0010354  7001.28799  0.704  0.253 5.967  0.099 5.768
OGLE-BLG-T2CEP-466  14.251 17.699  11.3140589 0.0002856  7007.64929  0.419  0.140 0.836  0.090 1.026
OGLE-BLG-T2CEP-467  14.265 17.346  31.9005723 0.0040707  7022.87411  0.600  0.258 5.622  0.095 4.313
OGLE-BLG-T2CEP-468  16.783    -    52.4797192 0.0300751  7035.73963  2.195  0.696 5.669  0.299 4.794
OGLE-BLG-T2CEP-469  16.912 20.003   1.7912444 0.0000018  7001.62944  0.482  0.290 4.960  0.187 2.152
OGLE-BLG-T2CEP-470  15.454 18.797   9.8830607 0.0000695  7005.69871  0.536  0.204 6.162  0.064 0.107
OGLE-BLG-T2CEP-471  15.442 18.704   8.0516860 0.0001129  7006.11028  0.190  0.165 0.218  0.064 0.210
OGLE-BLG-T2CEP-472  15.401 18.775  10.3697629 0.0002184  7006.44470  0.166  0.108 1.430  0.037 1.917
OGLE-BLG-T2CEP-473  15.345 17.198   1.5852710 0.0000015  7001.52106  0.557  0.159 5.151  0.108 2.323
OGLE-BLG-T2CEP-474  15.141 18.885  30.9623693 0.0184928  7006.94970  0.737  0.170 5.857  0.059 5.860
OGLE-BLG-T2CEP-475  15.964 19.723   8.1636765 0.0001507  7004.83934  0.155  0.133 0.202  0.045 0.686
OGLE-BLG-T2CEP-476  16.761 20.390   7.7921448 0.0001136  7006.08513  0.503  0.094 5.437  0.069 3.183
OGLE-BLG-T2CEP-477  15.498 18.690   6.9331122 0.0001169  7002.20567  0.340  0.220 5.667  0.084 5.275
OGLE-BLG-T2CEP-478  15.263    -     9.9441942 0.0010364  7003.16802  0.182  0.114 0.770  0.000   -  
OGLE-BLG-T2CEP-479  14.569    -    18.8351336 0.0027921  7008.55341  0.917  0.104 0.634  0.059 2.546
OGLE-BLG-T2CEP-480  16.940    -     2.4932324 0.0001211  7001.67978  0.526  0.257 5.528  0.116 4.328
OGLE-BLG-T2CEP-481  17.000    -     1.7302208 0.0000211  7000.71191  0.813  0.424 4.785  0.192 2.195
OGLE-BLG-T2CEP-482  16.081 20.449  17.2520429 0.0004525  7003.72299  0.947  0.367 5.673  0.162 4.020
OGLE-BLG-T2CEP-483  16.352 19.175   1.1697900 0.0000011  7000.91643  0.514  0.488 4.571  0.304 2.957
OGLE-BLG-T2CEP-484  14.875 18.239  12.1427983 0.0003083  7000.07908  0.351  0.128 1.588  0.079 2.475
OGLE-BLG-T2CEP-485  16.921    -     2.4576587 0.0000342  7001.52628  0.437  0.173 5.540  0.069 3.387
OGLE-BLG-T2CEP-486  14.455 17.245  13.6035358 0.0001426  7001.64504  0.942  0.356 5.894  0.073 3.005
OGLE-BLG-T2CEP-487  17.969 21.107   2.0868161 0.0000086  7000.72484  0.408  0.134 5.443  0.114 2.832
OGLE-BLG-T2CEP-488  13.724 17.015  30.0497203 0.0024833  7003.45389  0.774  0.235 6.028  0.116 5.229
OGLE-BLG-T2CEP-489  15.655 19.357   7.5996435 0.0001220  7003.54828  0.133  0.134 0.440  0.016 0.647
OGLE-BLG-T2CEP-490  14.760 18.336  23.1453032 0.0009537  7001.76140  0.888  0.226 0.049  0.051 0.171
OGLE-BLG-T2CEP-491  17.678 21.192   2.1163830 0.0000032  7001.50756  0.504  0.169 5.583  0.071 3.397
OGLE-BLG-T2CEP-492  16.289 20.743   9.1040603 0.0001874  7005.79352  0.142  0.133 0.874  0.037 1.073
OGLE-BLG-T2CEP-493  18.550 22.375   1.3084090 0.0000035  7000.46250  0.439  0.211 4.814  0.182 1.398
OGLE-BLG-T2CEP-494  14.971 18.620  16.7360179 0.0006946  7000.77722  0.995  0.187 5.860  0.030 3.571
OGLE-BLG-T2CEP-495  15.666 18.493   2.5841344 0.0000024  7000.00742  0.629  0.273 5.429  0.107 4.059
OGLE-BLG-T2CEP-496  16.123    -     9.3178331 0.0015690  7007.62544  0.223  0.178 5.255  0.000   -  
OGLE-BLG-T2CEP-497  17.230 20.417   2.0420441 0.0000050  7000.98084  0.318  0.116 5.211  0.121 2.769
OGLE-BLG-T2CEP-498  15.023 18.738  18.4563854 0.0002930  7016.89753  0.929  0.146 6.199  0.030 3.354
OGLE-BLG-T2CEP-499  17.287 20.659   1.2454797 0.0000010  7000.11960  0.599  0.270 4.469  0.106 3.453
OGLE-BLG-T2CEP-500  16.207 19.577   9.0128545 0.0001122  7003.49575  0.592  0.121 4.835  0.112 3.890
OGLE-BLG-T2CEP-501  17.595 21.503   1.8019432 0.0000028  7000.83501  0.745  0.435 4.793  0.215 2.168
OGLE-BLG-T2CEP-502  15.787 19.047   5.9959648 0.0000191  7003.36194  0.514  0.111 5.591  0.032 0.292
OGLE-BLG-T2CEP-503  17.966 21.726   1.9653873 0.0000067  7001.74210  0.571  0.183 5.519  0.049 2.602
OGLE-BLG-T2CEP-504  17.691 21.357   1.2232477 0.0000014  7000.10491  0.591  0.303 4.813  0.149 3.221
OGLE-BLG-T2CEP-505  17.528 20.805   1.2137744 0.0000010  7000.88087  0.649  0.270 4.595  0.127 3.415
OGLE-BLG-T2CEP-506  15.717 19.258  10.3126220 0.0001384  7005.86363  0.621  0.190 5.307  0.122 3.908
OGLE-BLG-T2CEP-507  17.435 21.178   1.9473923 0.0000026  7001.45550  0.424  0.122 5.332  0.111 2.137
OGLE-BLG-T2CEP-508  17.808 21.609   1.1400090 0.0000018  7000.70444  0.527  0.271 5.061  0.145 3.611
OGLE-BLG-T2CEP-509  17.722    -    11.5057282 0.0002066  7003.14809  0.934  0.291 5.838  0.035 2.582
OGLE-BLG-T2CEP-510  16.797 20.547   2.5272544 0.0000027  7001.53259  0.477  0.208 5.566  0.088 3.882
OGLE-BLG-T2CEP-511  17.279 20.130   3.0145019 0.0000064  7002.87042  0.604  0.274 5.519  0.147 4.577
OGLE-BLG-T2CEP-512  13.479 15.633  13.0144718 0.0001661  7006.74185  0.588  0.133 1.038  0.080 2.411
OGLE-BLG-T2CEP-513  14.404 17.998  33.8608630 0.0034168  7014.99645  0.773  0.189 6.057  0.088 5.763
OGLE-BLG-T2CEP-514  15.919 19.716   7.6385569 0.0000555  7004.45812  0.173  0.155 0.029  0.033 6.103
OGLE-BLG-T2CEP-515  16.372 19.823   3.6858283 0.0000023  7002.12735  0.663  0.310 5.405  0.111 4.347
OGLE-BLG-T2CEP-516  17.890    -     1.4698140 0.0000023  7000.46724  0.587  0.270 4.496  0.047 0.013
OGLE-BLG-T2CEP-517  16.915 19.583   1.0234968 0.0000011  7000.92299  0.206  0.218 5.645  0.066 5.719
OGLE-BLG-T2CEP-518  14.453 18.372  33.1664178 0.0027721  7000.54734  0.578  0.249 5.612  0.114 4.350
OGLE-BLG-T2CEP-519  13.467 15.256   9.8618483 0.0001538  7009.13467  0.457  0.206 4.228  0.055 2.574
OGLE-BLG-T2CEP-520  17.710 21.714   1.7373020 0.0000031  7001.39986  0.475  0.242 5.120  0.179 2.012
OGLE-BLG-T2CEP-521  18.012    -     3.9774292 0.0000495  7002.18352  0.366  0.197 4.941  0.065 3.856
OGLE-BLG-T2CEP-522  16.223 20.666  10.6582492 0.0002000  7000.96154  0.301  0.135 1.134  0.043 2.052
OGLE-BLG-T2CEP-523  16.245 20.780  12.3379031 0.0001462  7000.29709  0.504  0.143 1.193  0.086 2.356
OGLE-BLG-T2CEP-524  17.220 20.917   1.9168953 0.0000027  7001.73924  0.475  0.153 5.562  0.113 2.937
OGLE-BLG-T2CEP-525  15.175 17.020   1.3703060 0.0000010  7000.03664  0.647  0.314 4.207  0.045 5.333
OGLE-BLG-T2CEP-526  14.309 18.248  41.5680292 0.0038015  7041.51948  0.614  0.077 5.610  0.045 4.027
OGLE-BLG-T2CEP-527  16.062 18.783   2.2665882 0.0000030  7001.32963  0.349  0.134 5.347  0.112 3.174
OGLE-BLG-T2CEP-528  17.967 21.886   1.3851411 0.0000017  7000.14335  0.597  0.294 4.214  0.037 4.027
OGLE-BLG-T2CEP-529  16.579 19.877   1.2954089 0.0000015  7000.94827  0.406  0.284 5.401  0.073 4.209
OGLE-BLG-T2CEP-530  18.159    -     1.6878455 0.0000036  7000.63495  0.548  0.291 4.894  0.140 1.726
OGLE-BLG-T2CEP-531  15.383 19.005  14.3003803 0.0003478  7003.18091  0.773  0.132 1.432  0.098 2.371
OGLE-BLG-T2CEP-532  13.878 17.249  25.0502320 0.0009476  7018.33099  0.890  0.361 5.813  0.189 4.599
OGLE-BLG-T2CEP-533  17.032 19.707   1.3985500 0.0000012  7001.18038  0.483  0.237 5.566  0.060 4.156
OGLE-BLG-T2CEP-534  15.552 19.179  10.9433124 0.0002707  7008.33370  0.194  0.107 1.767  0.053 2.761
OGLE-BLG-T2CEP-535  16.262 19.103   1.8748038 0.0000028  7001.02274  0.595  0.310 5.197  0.183 2.812
OGLE-BLG-T2CEP-536  14.909 18.604  18.5278442 0.0003228  7006.42693  0.897  0.069 6.189  0.046 2.927
OGLE-BLG-T2CEP-537  17.267 20.388   1.1990871 0.0000235  7000.45587  0.286  0.226 5.762  0.089   -  
OGLE-BLG-T2CEP-538  14.900 16.572   1.7469968 0.0000013  7001.12003  0.625  0.334 4.940  0.209 2.384
OGLE-BLG-T2CEP-539  14.393 16.730   7.6632146 0.0001645  7003.18771  0.152  0.145 0.403  0.054 0.853
OGLE-BLG-T2CEP-540  15.683 18.965  11.0572684 0.0002923  7006.31155  0.488  0.253 5.506  0.073 4.063
OGLE-BLG-T2CEP-541  16.639 19.768   2.3556858 0.0000036  7000.86018  0.484  0.204 5.667  0.082 4.013
OGLE-BLG-T2CEP-542  12.393 14.867  53.6850491 0.0166586  7035.96796  0.426  0.124 5.658  0.056 1.166
OGLE-BLG-T2CEP-543  16.855 20.029   3.5484414 0.0000166  7000.52066  0.419  0.237 5.552  0.080 5.102
OGLE-BLG-T2CEP-544  14.597 17.714  15.7939284 0.0053109  7004.77098  0.883  0.117 0.195  0.049 3.301
OGLE-BLG-T2CEP-545  16.479 19.263   2.0965531 0.0000024  7001.41275  0.666  0.362 4.993  0.222 2.825
OGLE-BLG-T2CEP-546  15.687 17.976   2.1916106 0.0000014  7001.22614  0.386  0.160 5.478  0.102 3.249
OGLE-BLG-T2CEP-547  16.019 20.069  11.0152527 0.0003520  7004.41804  0.452  0.298 5.510  0.047 4.407
OGLE-BLG-T2CEP-548  16.842 19.937   1.6392206 0.0000021  7000.19703  0.354  0.045 4.873  0.207 1.945
OGLE-BLG-T2CEP-549  16.638 19.302   2.4888736 0.0000039  7000.40439  0.597  0.190 5.207  0.080 2.902
OGLE-BLG-T2CEP-550  14.982 18.127   9.8123429 0.0002148  7002.79138  0.192  0.154 1.038  0.057 1.615
OGLE-BLG-T2CEP-551  15.220 18.439  13.2958320 0.0001946  7010.29260  0.913  0.323 6.010  0.061 2.805
OGLE-BLG-T2CEP-552  15.895 18.326  13.3929929 0.0002243  7011.72131  0.766  0.145 0.942  0.114 2.428
OGLE-BLG-T2CEP-553  15.105 18.741   3.6335173 0.0000575  7000.18982  0.779  0.345 5.209  0.204 3.969
OGLE-BLG-T2CEP-554  14.471 17.819  15.0430728 0.0001336  7008.17364  0.880  0.195 0.132  0.068 3.576
OGLE-BLG-T2CEP-555  15.515 19.964  20.0141460 0.0247110  7006.52041  0.912  0.095 0.875  0.050 2.143
OGLE-BLG-T2CEP-556  14.296 17.207  16.2612705 0.0002143  7013.24100  0.856  0.062 0.660  0.060 2.897
OGLE-BLG-T2CEP-557  16.849 21.345  30.4899615 0.0046390  7001.17899  1.067  0.262 5.801  0.087 5.413
OGLE-BLG-T2CEP-558  16.986    -    16.8068893 0.0042259  7014.46544  0.628  0.212 0.537  0.019   -  
OGLE-BLG-T2CEP-559  16.115    -     2.8924545 0.0000075  7001.19498  0.770  0.343 5.174  0.187 3.733
OGLE-BLG-T2CEP-560  15.495 18.260   2.5890836 0.0000039  7001.59693  0.722  0.375 4.957  0.267 3.307
OGLE-BLG-T2CEP-561  14.937 17.806  10.4671445 0.0005304  7002.21744  0.352  0.187 5.517  0.035 4.222
OGLE-BLG-T2CEP-562  15.174 16.764   1.0116614 0.0000018  7000.28152  0.279  0.138 4.826  0.079 1.247
OGLE-BLG-T2CEP-563  15.593    -     1.2883241 0.0000006  7000.32578  0.615  0.251 4.442  0.118 3.902
OGLE-BLG-T2CEP-564  17.385 20.747   1.7868121 0.0000026  7001.43759  0.576  0.235 5.553  0.063 3.684
OGLE-BLG-T2CEP-565  15.861 18.460   1.5088420 0.0000009  7000.24138  0.586  0.266 4.493  0.061 0.159
OGLE-BLG-T2CEP-566  13.409 16.095  28.4480211 0.0055518  7004.99876  0.534  0.329 5.960  0.119 4.868
OGLE-BLG-T2CEP-567  14.904 18.298  15.1826649 0.0001177  7011.91147  0.922  0.152 0.204  0.061 3.400
OGLE-BLG-T2CEP-568  15.746    -     7.8977270 0.0001629  7005.13511  0.318  0.236 5.791  0.074 5.275
OGLE-BLG-T2CEP-569  16.538 19.554   1.6481088 0.0000183  7001.25494  0.671  0.472 4.393  0.101 1.164
OGLE-BLG-T2CEP-570  14.649 16.704   5.1461838 0.0000679  7000.03818  0.328  0.175 4.937  0.022 3.814
OGLE-BLG-T2CEP-571  16.678 20.574   4.1202379 0.0001169  7001.34861  0.513  0.240 5.657  0.062 4.987
OGLE-BLG-T2CEP-572  15.156 18.645  12.0392446 0.0002320  7008.23034  0.366  0.140 1.225  0.059 2.305
OGLE-BLG-T2CEP-573  15.239 18.304   9.8639281 0.0001791  7001.77097  0.278  0.149 0.795  0.051 0.931
OGLE-BLG-T2CEP-574  17.071    -    28.7721927 0.0172937  7012.04034  0.943  0.150 5.553  0.072 4.981
OGLE-BLG-T2CEP-575  14.930 17.351   7.2455667 0.0000757  7002.19056  0.382  0.251 5.481  0.058 4.706
OGLE-BLG-T2CEP-576  14.784 17.145   6.9400664 0.0001875  7006.26627  0.137  0.132 0.013  0.024 5.279
OGLE-BLG-T2CEP-577  13.871 16.124  13.9133881 0.0004086  7000.83593  0.511  0.137 1.832  0.085 2.438
OGLE-BLG-T2CEP-578  13.743 15.921  15.5203805 0.0004650  7011.19328  0.651  0.082 1.902  0.073 2.624
OGLE-BLG-T2CEP-579  16.107 18.258   1.0595322 0.0000018  7000.64736  0.247  0.239 5.129  0.040 3.724
OGLE-BLG-T2CEP-580  14.735 17.972  14.6985504 0.0001427  7014.63476  0.861  0.128 0.372  0.073 3.420
OGLE-BLG-T2CEP-581  18.324    -     1.7486872 0.0000547  7001.50092  0.508  0.310 4.372  0.218 1.093
OGLE-BLG-T2CEP-582  16.058 18.065   1.1022573 0.0000008  7000.82179  0.311  0.284 5.237  0.065 4.050
OGLE-BLG-T2CEP-583  17.095 20.806   1.4921921 0.0000045  7001.40481  0.485  0.247 4.767  0.076 0.353
OGLE-BLG-T2CEP-584  16.848 19.987   1.2822498 0.0000011  7000.80770  0.504  0.257 4.446  0.079 2.863
OGLE-BLG-T2CEP-585  16.888 19.973   1.1052206 0.0000014  7000.40964  0.284  0.274 5.355  0.047 4.139
OGLE-BLG-T2CEP-586  16.011 19.317   4.4440899 0.0000234  7003.48512  0.317  0.232 5.638  0.076 5.203
OGLE-BLG-T2CEP-587  17.084 20.437   1.3731534 0.0000020  7000.26479  0.341  0.156 4.430  0.053 3.524
OGLE-BLG-T2CEP-588  14.812 17.084   5.6049391 0.0000177  7001.97798  0.541  0.265 5.512  0.082 4.749
OGLE-BLG-T2CEP-589  16.339 19.502   1.2287729 0.0000077  7000.41826  0.103  0.267 5.466  0.000   -  
OGLE-BLG-T2CEP-590  13.977 17.091  20.4409439 0.0008023  7014.43181  0.816  0.200 0.261  0.047 1.113
OGLE-BLG-T2CEP-591  13.889 17.092  35.2862135 0.0028016  7007.56337  0.849  0.174 5.909  0.046 6.171
OGLE-BLG-T2CEP-592  15.702 19.986  14.8106108 0.0005265  7005.12299  0.794  0.146 0.435  0.061 3.299
OGLE-BLG-T2CEP-593  17.191    -    14.4191221 0.0009710  7007.97940  0.856  0.330 6.096  0.099 3.195
OGLE-BLG-T2CEP-594  14.375 16.869  11.3937223 0.0028639  7007.49445  0.644  0.285 5.539  0.096 3.888
OGLE-BLG-T2CEP-595  16.236 18.569   1.4276602 0.0000074  7001.40948  0.371  0.166 4.965  0.040 0.664
OGLE-BLG-T2CEP-596  15.362 17.361   3.5360530 0.0000064  7003.28298  0.564  0.298 5.287  0.117 4.065
OGLE-BLG-T2CEP-597  16.730 19.409   1.1476197 0.0000009  7000.93580  0.429  0.229 4.633  0.061 2.636
OGLE-BLG-T2CEP-598  16.309 18.749   1.1691334 0.0000015  7000.70798  0.231  0.216 5.892  0.080 5.848
OGLE-BLG-T2CEP-599  16.871    -    15.1470468 0.0019457  7009.08924  0.828  0.078 0.562  0.067 2.986
OGLE-BLG-T2CEP-600  14.074 16.796  15.2275839 0.0003595  7010.19612  0.875  0.139 0.655  0.068 2.470
OGLE-BLG-T2CEP-601  16.490 19.604   1.8948571 0.0000024  7001.81368  0.286  0.081 4.661  0.173 2.438
OGLE-BLG-T2CEP-602  15.890 18.445   2.2139184 0.0000023  7001.86847  0.678  0.282 5.284  0.150 3.615
OGLE-BLG-T2CEP-603  17.187 19.547   1.2707152 0.0000023  7000.20954  0.282  0.303 5.337  0.058 4.073
OGLE-BLG-T2CEP-604  13.897 17.472  33.6811133 0.0038458  7028.67640  0.923  0.157 5.826  0.028 5.264
OGLE-BLG-T2CEP-605  16.255 19.836   4.8539889 0.0002402  7000.64946  0.555  0.526 4.871  0.000   -  
OGLE-BLG-T2CEP-606  15.682 20.105  17.2717866 0.0024612  7001.47437  0.812  0.121 1.251  0.094 2.586
OGLE-BLG-T2CEP-607  16.070 19.418   5.8679389 0.0000259  7004.61442  0.450  0.242 5.498  0.057 4.951
OGLE-BLG-T2CEP-608  17.602    -    12.8956648 0.0004840  7001.93011  0.476  0.128 1.269  0.056 2.526
OGLE-BLG-T2CEP-609  17.470 20.812   1.1419363 0.0000021  7000.84593  0.283  0.262 5.459  0.058 4.784
OGLE-BLG-T2CEP-610  16.048 20.811  15.2326521 0.0012554  7000.93132  0.931  0.182 0.249  0.079 3.688
OGLE-BLG-T2CEP-611  17.710    -     2.2655689 0.0001674  7001.62494  0.372  0.151 4.714  0.217 2.972
OGLE-BLG-T2CEP-612  14.973 18.800   6.9325724 0.0004543  7004.03677  0.207  0.165 5.729  0.044 6.164
OGLE-BLG-T2CEP-613  15.129 18.479  10.6250911 0.0002496  7005.84718  0.269  0.124 1.234  0.075 2.200
OGLE-BLG-T2CEP-614  15.299 17.448   2.3541549 0.0000018  7001.79801  0.379  0.181 5.480  0.105 3.556
OGLE-BLG-T2CEP-615  15.985 19.164   2.9305789 0.0000077  7002.41677  0.915  0.381 5.160  0.262 3.993
OGLE-BLG-T2CEP-616  16.767    -    17.3619340 0.0026196  7012.53445  0.910  0.165 5.989  0.051 4.339
OGLE-BLG-T2CEP-617  15.376 19.746  20.8766698 0.0007890  7001.81041  0.803  0.056 5.845  0.053 2.821
OGLE-BLG-T2CEP-618  14.411 16.452  11.0557268 0.0004291  7002.79659  0.271  0.135 1.589  0.044 2.630
OGLE-BLG-T2CEP-619  18.121    -     1.7531225 0.0000034  7000.84180  0.542  0.155 5.368  0.085 2.202
OGLE-BLG-T2CEP-620  15.718 18.329   2.1512017 0.0000018  7001.78149  0.410  0.156 5.549  0.089 3.244
OGLE-BLG-T2CEP-621  15.304 19.589  14.7327523 0.0002345  7010.63364  0.781  0.106 1.038  0.075 2.795
OGLE-BLG-T2CEP-622  14.131 16.412  11.6552711 0.0006087  7010.02205  0.233  0.075 1.722  0.080 2.817
OGLE-BLG-T2CEP-623  15.963 20.661  16.2796638 0.0013676  7007.28482  0.850  0.109 1.082  0.082 2.455
OGLE-BLG-T2CEP-624  15.202 16.984   1.7235059 0.0000011  7000.35240  0.463  0.031 4.883  0.091 1.304
OGLE-BLG-T2CEP-625  15.347 19.382  16.9861074 0.0001501  7005.08713  0.939  0.189 0.199  0.036 3.389
OGLE-BLG-T2CEP-626  15.139 18.057   9.5319725 0.0000773  7008.51983  0.556  0.272 5.352  0.061 3.922
OGLE-BLG-T2CEP-627  13.845 16.518  21.6563232 0.0006567  7003.63533  1.099  0.227 6.037  0.055 4.817
OGLE-BLG-T2CEP-628  14.605 16.405   3.5585922 0.0000071  7002.58724  0.619  0.293 5.343  0.110 4.256
OGLE-BLG-T2CEP-629  15.645 17.665   1.8246899 0.0000018  7000.67895  0.451  0.166 5.383  0.150 2.656
OGLE-BLG-T2CEP-630  16.822 20.308   2.5693957 0.0000033  7002.45941  0.504  0.221 5.614  0.093 4.048
OGLE-BLG-T2CEP-631  16.418    -    17.3036216 0.0017068  7000.72512  0.782  0.057 4.880  0.026 2.954
OGLE-BLG-T2CEP-632  15.033 16.908   1.8035313 0.0000014  7000.78113  0.480  0.201 5.348  0.156 2.741
OGLE-BLG-T2CEP-633  16.646 19.328   1.2748713 0.0000009  7001.24579  0.624  0.258 4.768  0.164 1.358
OGLE-BLG-T2CEP-634  17.151 20.145  10.6368891 0.0004866  7002.94128  0.286  0.059 0.091  0.030 4.036
OGLE-BLG-T2CEP-635  18.208    -     1.6416621 0.0000045  7001.60945  0.510  0.249 5.578  0.074 3.893
OGLE-BLG-T2CEP-636  15.536 17.323   1.0314940 0.0000021  7000.41957  0.211  0.264 5.515  0.083 5.289
OGLE-BLG-T2CEP-637  16.014 19.183   4.2062298 0.0000079  7000.53095  0.563  0.281 5.467  0.111 4.434
OGLE-BLG-T2CEP-638  17.397 20.322   1.0201742 0.0000020  7000.05152  0.252  0.281 5.430  0.091 5.172
OGLE-BLG-T2CEP-639  16.546 20.274   4.1568753 0.0000381  7000.14666  0.117  0.199 4.903  0.049 4.416
OGLE-BLG-T2CEP-640  16.616 19.992   2.1235963 0.0000035  7001.76067  0.673  0.324 5.177  0.180 3.355
OGLE-BLG-T2CEP-641  17.071 20.732   8.5367878 0.0001655  7003.10700  0.202  0.169 0.486  0.061 0.660
OGLE-BLG-T2CEP-642  15.798 19.744   9.0880298 0.0001785  7007.85704  0.202  0.154 0.825  0.034 1.303
OGLE-BLG-T2CEP-643  16.759    -     6.6566458 0.0001007  7001.39928  0.224  0.127 5.139  0.034 4.215
OGLE-BLG-T2CEP-644  18.879    -    16.1560258 0.0135208  7004.67765  0.901  0.000   -    0.098 3.611
OGLE-BLG-T2CEP-645  17.927    -     6.4725237 0.0004907  7000.92564  0.506  0.147 5.070  0.040   -  
OGLE-BLG-T2CEP-646  15.435 17.462   2.0028475 0.0000012  7000.62307  0.441  0.155 5.515  0.095 3.076
OGLE-BLG-T2CEP-647  15.475 17.663   4.7316801 0.0000196  7001.50944  0.520  0.241 4.984  0.078 3.363
OGLE-BLG-T2CEP-648  16.672 19.454   1.6881757 0.0000172  7000.12010  0.714  0.427 4.511  0.237 1.905
OGLE-BLG-T2CEP-649  15.676 19.787  12.9858847 0.0004015  7007.17496  0.379  0.129 1.404  0.077 2.396
OGLE-BLG-T2CEP-650  16.481 19.780   2.7253261 0.0000054  7000.88039  0.391  0.183 5.372  0.118 3.714
OGLE-BLG-T2CEP-651  18.521    -     2.1274726 0.0001864  7001.23258  0.554  0.236 5.613  0.121 3.811
OGLE-BLG-T2CEP-652  16.367 19.353   2.8284487 0.0000053  7002.48785  0.377  0.206 5.446  0.125 4.121
OGLE-BLG-T2CEP-653  16.533 19.506   1.7691869 0.0000018  7001.11952  0.356  0.131 5.202  0.162 2.461
OGLE-BLG-T2CEP-654  17.217 20.759   1.7070933 0.0000021  7000.56371  0.479  0.204 5.217  0.178 2.531
OGLE-BLG-T2CEP-655  12.240 14.169  16.0762684 0.0002146  7014.82260  0.891  0.282 5.536  0.145 3.688
OGLE-BLG-T2CEP-656  18.435    -     3.5301164 0.0004849  7001.07167  0.380  0.254 5.739  0.116 4.344
OGLE-BLG-T2CEP-657  15.493 19.253  10.3513861 0.0002037  7004.66007  0.556  0.282 5.930  0.040 5.147
OGLE-BLG-T2CEP-658  16.495 19.166   1.2145365 0.0000006  7000.17571  0.654  0.274 4.642  0.134 3.195
OGLE-BLG-T2CEP-659  16.354 18.890   1.7443115 0.0000031  7000.64423  0.361  0.076 4.984  0.174 2.207
OGLE-BLG-T2CEP-660  15.803 20.146  13.6776771 0.0002022  7012.08282  0.806  0.172 0.595  0.080 2.543
OGLE-BLG-T2CEP-661  16.855    -    16.7481296 0.0038149  7016.56189  0.757  0.031 1.263  0.055 2.757
OGLE-BLG-T2CEP-662  18.186    -    25.6840431 0.0017152  7020.08938  0.562  0.320 5.768  0.151 4.555
OGLE-BLG-T2CEP-663  16.471 20.894   1.6114089 0.0000034  7000.04364  0.228  0.382 4.299  0.131 1.180
OGLE-BLG-T2CEP-664  16.580    -     7.4606432 0.0018820  7006.77911  0.284  0.187 5.639  0.035   -  
OGLE-BLG-T2CEP-665  16.465 19.292   1.9447939 0.0000015  7001.93075  0.578  0.319 5.120  0.196 2.851
OGLE-BLG-T2CEP-666  17.908    -     1.0803322 0.0000015  7000.56360  0.415  0.345 5.135  0.152 4.163
OGLE-BLG-T2CEP-667  18.244    -     1.4089809 0.0000038  7000.81089  0.416  0.262 4.709  0.079 0.318
OGLE-BLG-T2CEP-668  17.434    -    10.2728067 0.0002576  7002.23190  0.418  0.273 5.390  0.070 4.565
OGLE-BLG-T2CEP-669  15.722 19.828  11.5992662 0.0004118  7004.76216  0.239  0.119 2.089  0.042 2.651
OGLE-BLG-T2CEP-670  18.472    -    15.6403128 0.0087526  7007.54661  0.618  0.166 1.531  0.108 2.383
OGLE-BLG-T2CEP-671  14.986 17.598   5.5993512 0.0000261  7003.35422  0.402  0.221 5.980  0.055 5.829
OGLE-BLG-T2CEP-672  14.463 17.896  17.7385228 0.0038263  7015.46044  0.951  0.208 6.217  0.110 4.407
OGLE-BLG-T2CEP-673  15.328 18.554   5.0256146 0.0000898  7002.88712  0.667  0.294 5.112  0.120 3.891
OGLE-BLG-T2CEP-674  16.742 21.372   6.9867170 0.0000596  7002.00187  0.556  0.249 5.532  0.041 4.895
OGLE-BLG-T2CEP-675  17.871 21.801   1.2662762 0.0000031  7001.17922  0.330  0.266 5.126  0.035 2.542
OGLE-BLG-T2CEP-676  15.775 18.052   1.8341689 0.0000014  7000.37014  0.689  0.457 4.563  0.224 1.965
OGLE-BLG-T2CEP-677  15.971 18.493   2.2247914 0.0000015  7000.92142  0.611  0.221 5.298  0.088 3.645
OGLE-BLG-T2CEP-678  15.707 19.554  10.5066915 0.0001834  7005.45769  0.237  0.126 1.207  0.045 2.174
OGLE-BLG-T2CEP-679  16.655 18.689   1.8763551 0.0000050  7000.32641  0.373  0.103 5.080  0.166 2.579
OGLE-BLG-T2CEP-680  15.891 18.754   2.7548083 0.0000230  7002.12426  0.624  0.275 5.222  0.142 3.926
OGLE-BLG-T2CEP-681  17.371 19.900  13.2354615 0.0016538  7010.62866  0.261  0.148 5.782  0.000   -  
OGLE-BLG-T2CEP-682  15.601 19.234  13.3856408 0.0020015  7006.77005  0.467  0.099 1.674  0.104 2.342
OGLE-BLG-T2CEP-683  18.791    -     1.5218604 0.0000044  7000.12712  0.727  0.426 4.221  0.087 0.943
OGLE-BLG-T2CEP-684  17.541 21.896   2.3598833 0.0000062  7001.52146  0.538  0.294 5.475  0.125 3.945
OGLE-BLG-T2CEP-685  15.334 18.205   6.6505130 0.0000549  7005.76976  0.313  0.212 5.564  0.052 4.898
OGLE-BLG-T2CEP-686  15.267 19.227  16.1590725 0.0002038  7000.79656  0.870  0.180 6.218  0.075 3.879
OGLE-BLG-T2CEP-687  16.845 20.272   1.7133805 0.0000021  7001.24055  0.454  0.226 5.035  0.171 1.903
OGLE-BLG-T2CEP-688  17.402    -    12.7014191 0.0003179  7001.16072  0.480  0.161 1.436  0.100 2.081
OGLE-BLG-T2CEP-689  19.357    -     1.9679561 0.0000715  7000.35368  0.781  0.524 4.778  0.342 2.425
OGLE-BLG-T2CEP-690  17.696    -    15.0741641 0.0004205  7008.30845  0.782  0.146 1.066  0.071 2.309
OGLE-BLG-T2CEP-691  17.021 20.132   1.0795697 0.0000007  7000.57530  0.538  0.380 5.098  0.223 3.316
OGLE-BLG-T2CEP-692  18.184    -     2.4115449 0.0000100  7002.05895  0.684  0.279 5.275  0.125 3.644
OGLE-BLG-T2CEP-693  15.621 19.181   9.1796589 0.0012380  7000.82195  0.166  0.128 1.087  0.068 1.469
OGLE-BLG-T2CEP-694  14.890 18.629  14.9720771 0.0003341  7008.45920  0.871  0.190 0.332  0.057 2.834
OGLE-BLG-T2CEP-695  18.736    -     3.8867348 0.0000286  7002.97348  0.635  0.286 5.554  0.108 4.891
OGLE-BLG-T2CEP-696  16.624 20.588   5.8735999 0.0000387  7003.68258  0.621  0.146 5.316  0.015 3.279
OGLE-BLG-T2CEP-697  15.666 18.796   9.5103736 0.0011361  7004.05644  0.148  0.141 4.506  0.047 0.443
OGLE-BLG-T2CEP-698  16.694 20.934   8.6426494 0.0000875  7007.82564  0.569  0.283 5.359  0.080 4.274
OGLE-BLG-T2CEP-699  17.888    -     5.0189113 0.0000323  7004.69100  0.555  0.283 5.473  0.102 4.758
OGLE-BLG-T2CEP-700  17.575 21.556   2.3675184 0.0000032  7000.74540  0.715  0.339 5.093  0.198 3.503
OGLE-BLG-T2CEP-701  17.427 20.906   1.4613066 0.0000016  7000.99709  0.675  0.353 4.290  0.059 0.169
OGLE-BLG-T2CEP-702  14.478 19.347  40.3917678 0.0146020  7006.38321  0.610  0.216 5.664  0.165 5.287
OGLE-BLG-T2CEP-703  16.641 21.562  10.3281277 0.0004374  7000.70030  0.223  0.138 1.573  0.027 1.517
OGLE-BLG-T2CEP-704  15.460 19.276  17.3171268 0.0003240  7014.83391  0.952  0.123 0.194  0.039 2.995
OGLE-BLG-T2CEP-705  18.450    -     1.0674325 0.0000049  7000.33917  0.532  0.346 4.996  0.205 3.159
OGLE-BLG-T2CEP-706  16.911    -    16.2490657 0.0048530  7007.30201  0.882  0.083 1.386  0.092 2.394
OGLE-BLG-T2CEP-707  14.527 16.640  32.2610513 0.0052352  7022.38399  0.425  0.178 5.632  0.023 4.631
OGLE-BLG-T2CEP-708  12.671 14.723  26.1986402 0.0019562  7005.14022  1.020  0.149 5.811  0.010 0.785
OGLE-BLG-T2CEP-709  18.449    -     1.0183968 0.0000017  7000.92044  0.609  0.358 4.780  0.103 2.742
OGLE-BLG-T2CEP-710  14.350 16.742   9.3922756 0.0001421  7005.95540  0.180  0.140 0.811  0.024 1.229
OGLE-BLG-T2CEP-711  14.561 17.864  20.4780435 0.0007423  7011.82708  0.910  0.078 0.598  0.063 2.218
OGLE-BLG-T2CEP-712  17.963    -    11.8144405 0.0001690  7007.09731  0.754  0.420 4.794  0.129 3.667
OGLE-BLG-T2CEP-713  17.145    -     4.2441604 0.0000203  7000.14218  0.479  0.271 5.652  0.102 4.891
OGLE-BLG-T2CEP-714  17.297    -    10.8523053 0.0075658  7010.81172  0.209  0.146 1.792  0.000   -  
OGLE-BLG-T2CEP-715  16.172 20.875  14.5008194 0.0023383  7009.35018  0.727  0.154 1.309  0.086 2.411
OGLE-BLG-T2CEP-716  14.506 18.053  20.4777961 0.0005452  7018.75341  0.940  0.121 0.129  0.026 2.453
OGLE-BLG-T2CEP-717  15.339 17.135   1.6019680 0.0000016  7000.59817  0.351  0.232 5.614  0.045 4.270
OGLE-BLG-T2CEP-718  13.616 15.130  13.1559127 0.0016340  7005.00054  0.267  0.362 1.115  0.044 4.446
OGLE-BLG-T2CEP-719  14.914 19.636  32.8035882 0.0462821  7017.19406  0.570  0.130 6.058  0.021 1.819
OGLE-BLG-T2CEP-720  15.160 20.642  39.1282232 0.0076399  7000.45761  0.741  0.142 5.514  0.065 6.233
OGLE-BLG-T2CEP-721  15.472 18.604   9.8346645 0.0006394  7004.57371  0.167  0.289 5.932  0.000   -  
OGLE-BLG-T2CEP-722  14.445 17.572  16.0550289 0.0005362  7009.76601  0.620  0.126 1.489  0.079 2.133
OGLE-BLG-T2CEP-723  17.465    -    14.8858279 0.0048108  7000.20394  0.657  0.145 1.629  0.076 2.741
OGLE-BLG-T2CEP-724  17.055 21.249  14.9095779 0.0002024  7004.62471  0.857  0.115 1.020  0.089 2.447
OGLE-BLG-T2CEP-725  17.670    -    13.5068422 0.0017478  7006.54217  0.622  0.147 1.401  0.127 2.238
OGLE-BLG-T2CEP-726  17.058    -    11.2272029 0.0045518  7006.25922  0.735  0.151 4.702  0.136 3.393
OGLE-BLG-T2CEP-727  15.866 19.716   9.0985130 0.0001690  7006.44519  0.204  0.153 0.649  0.045 1.375
OGLE-BLG-T2CEP-728  18.184    -     1.8919257 0.0000403  7001.21632  0.708  0.288 5.412  0.107 3.587
OGLE-BLG-T2CEP-729  17.829    -    14.2151503 0.0029342  7005.49472  0.545  0.223 0.917  0.122 1.588
OGLE-BLG-T2CEP-730  14.457 16.853   8.4630536 0.0000961  7001.99830  0.550  0.088 4.704  0.104 3.016
OGLE-BLG-T2CEP-731  15.765 19.359   7.3840939 0.0000497  7007.07116  0.492  0.188 5.874  0.030 5.075
OGLE-BLG-T2CEP-732  18.097 21.980   3.6395846 0.0000083  7000.17023  0.712  0.349 5.416  0.195 4.261
OGLE-BLG-T2CEP-733  17.728    -    13.6512714 0.0001399  7006.27683  0.887  0.250 0.060  0.080 2.898
OGLE-BLG-T2CEP-734  16.321 21.892  27.9594677 0.0155488  7000.95608  0.726  0.153 5.967  0.030 2.434
OGLE-BLG-T2CEP-735  16.456    -    18.9608793 0.0002446  7015.51766  0.988  0.415 5.770  0.186 3.912
OGLE-BLG-T2CEP-736  15.261 17.240   2.2526249 0.0000065  7000.70750  0.376  0.132 5.247  0.110 2.927
OGLE-BLG-T2CEP-737  16.774 22.130  12.3006662 0.0009412  7004.73977  0.855  0.444 5.499  0.000   -  
OGLE-BLG-T2CEP-738  16.157    -    31.9308658 0.0407833  7021.98802  0.902  0.209 0.037  0.099 5.605
OGLE-BLG-T2CEP-739  15.797 20.560  26.0878912 0.0003880  7010.24693  0.745  0.089 5.438  0.020 2.968
OGLE-BLG-T2CEP-740  15.546 18.077   2.3067062 0.0000021  7001.69464  0.508  0.201 5.602  0.075 4.025
OGLE-BLG-T2CEP-741  16.651 21.611   9.8797711 0.0000850  7003.62560  0.132  0.109 1.644  0.030 2.306
OGLE-BLG-T2CEP-742  15.644 18.658   7.3448003 0.0000789  7000.08476  0.157  0.142 0.174  0.039 0.540
OGLE-BLG-T2CEP-743  13.625 16.927  52.9567333 0.0089181  7048.27544  0.616  0.097 6.178  0.037 5.283
OGLE-BLG-T2CEP-744  18.913    -     2.9725393 0.0000077  7001.04075  0.526  0.257 5.542  0.135 4.524
OGLE-BLG-T2CEP-745  17.803    -    14.9138983 0.0001002  7008.09844  0.694  0.107 1.595  0.091 2.404
OGLE-BLG-T2CEP-746  17.901    -    35.8083594 0.0046033  7021.36982  0.898  0.115 5.568  0.005   -  
OGLE-BLG-T2CEP-747  18.689    -     1.9844035 0.0000097  7001.21733  0.604  0.275 5.131  0.223 3.102
OGLE-BLG-T2CEP-748  18.012    -    13.4499679 0.0000634  7007.53929  0.824  0.238 0.092  0.067 2.800
OGLE-BLG-T2CEP-749  17.529 20.852   1.0415734 0.0000013  7000.07322  0.402  0.321 5.054  0.174 3.645
OGLE-BLG-T2CEP-750  17.899    -    13.9748849 0.0000860  7012.46514  0.878  0.337 6.037  0.050 3.154
OGLE-BLG-T2CEP-751  18.059    -    25.4944131 0.0004161  7013.11504  1.050  0.123 5.991  0.007 4.992
OGLE-BLG-T2CEP-752  13.418 15.754  19.8073341 0.0016950  7011.24007  0.740  0.133 0.605  0.042 1.345
OGLE-BLG-T2CEP-753  18.567    -    23.1248787 0.0003851  7014.71281  0.639  0.357 5.774  0.162 4.525
OGLE-BLG-T2CEP-754  18.584 21.998   6.2182736 0.0000426  7001.33015  0.370  0.113 0.231  0.011   -  
OGLE-BLG-T2CEP-755  15.442 20.707  26.0864756 0.0011229  7001.95430  0.830  0.347 5.690  0.151 4.514
OGLE-BLG-T2CEP-756  13.637 16.269  17.3475674 0.0028169  7009.15350  0.454  0.322 5.782  0.187 4.242
OGLE-BLG-T2CEP-757  15.455 18.851  12.3672973 0.0003335  7003.03979  0.433  0.134 1.390  0.072 2.051
OGLE-BLG-T2CEP-758  14.500 17.761  14.9221303 0.0001092  7005.11693  0.901  0.145 0.476  0.073 2.789
OGLE-BLG-T2CEP-759  17.084 21.213   2.8772574 0.0000109  7000.26761  0.347  0.148 4.814  0.072 2.679
OGLE-BLG-T2CEP-760  14.238 17.820  46.0579676 0.0046670  7016.18909  0.667  0.122 6.133  0.017 0.177
OGLE-BLG-T2CEP-761  13.849 17.133  51.2813675 0.0094410  7019.73129  0.784  0.162 6.151  0.027 6.248
OGLE-BLG-T2CEP-762  14.427 17.799  24.8031990 0.0017350  7008.19273  0.584  0.299 5.718  0.137 4.370
OGLE-BLG-T2CEP-763  19.345    -     2.8483155 0.0000085  7002.26764  0.539  0.239 5.609  0.120 4.129
OGLE-BLG-T2CEP-764  14.472 17.420  12.4297193 0.0003910  7002.89407  0.468  0.249 5.579  0.078 4.674
OGLE-BLG-T2CEP-765  17.714    -    33.4886873 0.0010655  7009.89606  0.713  0.191 5.872  0.084 5.314
OGLE-BLG-T2CEP-766  17.068    -    22.7097501 0.0002373  7011.82040  0.944  0.397 5.704  0.214 4.159
OGLE-BLG-T2CEP-767  18.170    -     1.0140721 0.0000011  7000.71015  0.221  0.274 5.415  0.088 5.227
OGLE-BLG-T2CEP-768  14.433 17.590  21.8543456 0.0003105  7021.80615  0.877  0.138 0.453  0.048 1.355
OGLE-BLG-T2CEP-769  16.386    -    15.0696232 0.0001386  7009.85633  0.810  0.080 0.941  0.062 3.014
OGLE-BLG-T2CEP-770  18.224    -     1.9232313 0.0000062  7000.48352  0.626  0.292 5.304  0.154 3.069
OGLE-BLG-T2CEP-771  18.114    -     2.7054606 0.0000039  7000.37996  0.627  0.422 4.957  0.266 3.279
OGLE-BLG-T2CEP-772  17.276    -     4.2034880 0.0000121  7000.71682  0.216  0.360 5.138  0.204 3.949
OGLE-BLG-T2CEP-773  18.408    -    14.0939897 0.0001888  7006.38091  0.775  0.178 0.247  0.072 3.178
OGLE-BLG-T2CEP-774  15.537 18.557   7.2913922 0.0001001  7006.15324  0.066  0.055 0.109  0.008 6.112
OGLE-BLG-T2CEP-775  16.549 19.747   2.9917604 0.0000037  7000.00174  0.643  0.424 5.179  0.177 4.033
OGLE-BLG-T2CEP-776  15.233 19.378  13.3238201 0.0001865  7004.31041  0.338  0.113 0.925  0.039 1.484
OGLE-BLG-T2CEP-777  16.606 21.695   8.1891477 0.0000631  7007.56908  0.178  0.148 0.562  0.030 0.968
OGLE-BLG-T2CEP-778  17.115    -     7.5060012 0.0000457  7006.00555  0.328  0.207 5.200  0.053 4.196
OGLE-BLG-T2CEP-779  13.967 16.791  13.7913553 0.0001199  7007.77292  0.928  0.266 0.109  0.071 2.454
OGLE-BLG-T2CEP-780  15.721 19.660   7.9050584 0.0000945  7005.19984  0.089  0.081 0.423  0.005   -  
OGLE-BLG-T2CEP-781  15.461 17.642   1.3913433 0.0000007  7000.63001  0.652  0.387 5.010  0.249 3.171
OGLE-BLG-T2CEP-782  13.314 17.322  46.7276618 0.0050439  7036.26623  0.334  0.095 6.279  0.081 0.909
OGLE-BLG-T2CEP-783  16.729    -     5.2480226 0.0000086  7000.04314  0.616  0.245 5.516  0.067 4.070
OGLE-BLG-T2CEP-784  13.011 15.783  16.8002708 0.0011347  7014.25220  0.724  0.248 6.041  0.067 6.154
OGLE-BLG-T2CEP-785  18.205    -     2.0707862 0.0000027  7001.69976  0.564  0.268 5.431  0.117 3.583
OGLE-BLG-T2CEP-786  16.317 20.333   3.2333949 0.0000033  7001.50992  0.422  0.242 5.505  0.127 4.507
OGLE-BLG-T2CEP-787  13.572 15.008   9.0497082 0.0001483  7000.53895  0.276  0.164 5.265  0.025 4.446
OGLE-BLG-T2CEP-788  16.268 21.648  12.9618266 0.0001362  7004.28442  0.596  0.227 5.782  0.099 5.283
OGLE-BLG-T2CEP-789  15.362 19.482  12.9490001 0.0002198  7011.30175  0.416  0.105 1.926  0.076 2.635
OGLE-BLG-T2CEP-790  16.054 18.718  14.7672620 0.0003163  7001.18094  0.920  0.144 0.449  0.077 2.876
OGLE-BLG-T2CEP-791  15.371 19.420  14.9112942 0.0002091  7007.45354  0.549  0.074 1.715  0.054 2.824
OGLE-BLG-T2CEP-792  18.631    -     1.7416897 0.0000056  7001.54630  0.648  0.375 4.612  0.173 1.685
OGLE-BLG-T2CEP-793  14.214 17.022  12.0125733 0.0012887  7000.55448  0.382  0.146 1.921  0.089 2.613
OGLE-BLG-T2CEP-794  17.547 22.083   2.2460327 0.0000012  7001.53750  0.598  0.210 5.329  0.080 3.650
OGLE-BLG-T2CEP-795  17.616    -    21.8598825 0.0003776  7002.87432  0.892  0.226 5.668  0.074 4.387
OGLE-BLG-T2CEP-796  19.158    -     1.5797302 0.0001846  7001.32920  0.543  0.408 4.127  0.000   -  
OGLE-BLG-T2CEP-797  17.702    -     1.0476303 0.0000023  7000.72641  0.131  0.178 5.618  0.057 6.046
OGLE-BLG-T2CEP-798  14.454 17.109  14.2291494 0.0001479  7013.48671  0.891  0.242 0.035  0.072 3.150
OGLE-BLG-T2CEP-799  16.191 19.418   2.3809359 0.0000013  7000.45209  0.399  0.164 5.471  0.099 3.442
OGLE-BLG-T2CEP-800  16.515 19.742   1.5450667 0.0000014  7001.18130  0.587  0.309 4.585  0.084 0.848
OGLE-BLG-T2CEP-801  14.186 17.637  22.4621580 0.0002877  7006.50481  0.874  0.107 5.931  0.024 4.238
OGLE-BLG-T2CEP-802  14.428 16.059   1.1747047 0.0000011  7001.04710  0.228  0.305 4.357  0.126 2.841
OGLE-BLG-T2CEP-803  14.552 16.840   7.4736449 0.0003464  7000.22041  0.171  0.132 0.473  0.046 1.018
OGLE-BLG-T2CEP-804  16.264 20.783   8.3181755 0.0000852  7007.97830  0.113  0.101 0.146  0.006   -  
OGLE-BLG-T2CEP-805  16.278 19.808   2.3760538 0.0000011  7002.36435  0.727  0.374 5.175  0.217 3.517
OGLE-BLG-T2CEP-806  14.736 17.920   9.2995963 0.0001532  7000.37914  0.789  0.258 6.106  0.102 1.116
OGLE-BLG-T2CEP-807  14.711 18.466  15.2723472 0.0000631  7013.09749  0.867  0.134 0.156  0.072 3.552
OGLE-BLG-T2CEP-808  13.238 15.275  27.5685022 0.0011629  7021.45408  0.866  0.122 5.709  0.014 2.209
OGLE-BLG-T2CEP-809  14.790 18.039   8.9783548 0.0000485  7008.54400  0.158  0.133 0.536  0.025 1.147
OGLE-BLG-T2CEP-810  13.136 16.339  28.6095692 0.0006058  7004.67801  0.711  0.315 5.929  0.148 4.775
OGLE-BLG-T2CEP-811  14.689 17.348   6.8634293 0.0001127  7000.44708  0.316  0.184 5.484  0.060 4.925
OGLE-BLG-T2CEP-812  15.411 19.536  15.0924397 0.0002393  7002.73199  0.943  0.383 5.434  0.166 3.479
OGLE-BLG-T2CEP-813  14.934 17.533   3.9390841 0.0000026  7003.39544  0.470  0.269 5.598  0.116 4.892
OGLE-BLG-T2CEP-814  15.458 19.782  10.3888225 0.0000983  7005.29939  0.220  0.138 1.600  0.045 2.044
OGLE-BLG-T2CEP-815  16.571 21.666  14.2403425 0.0001299  7009.49223  0.557  0.257 5.862  0.090 5.361
OGLE-BLG-T2CEP-816  15.193 17.566   2.6244010 0.0000009  7001.68069  0.453  0.198 5.507  0.102 3.782
OGLE-BLG-T2CEP-817  13.365 15.769   8.7333102 0.0000436  7006.59761  0.221  0.181 0.417  0.052 0.389
OGLE-BLG-T2CEP-818  15.563    -     3.4476014 0.0000222  7000.72589  0.638  0.286 5.540  0.113 4.728
OGLE-BLG-T2CEP-819  15.066 17.382   5.8509536 0.0000518  7002.16076  0.108  0.154 5.154  0.000   -  
OGLE-BLG-T2CEP-820  16.141 19.316   2.4005041 0.0000006  7002.02000  0.549  0.213 5.614  0.074 4.182
OGLE-BLG-T2CEP-821  17.438    -    11.6718038 0.0006090  7011.36613  0.533  0.281 4.488  0.044 2.620
OGLE-BLG-T2CEP-822  13.617 15.330   5.9567152 0.0000303  7004.31963  0.106  0.086 5.983  0.017 5.798
OGLE-BLG-T2CEP-823  16.035 20.772  14.4367870 0.0006921  7004.50749  0.672  0.143 0.877  0.097 1.991
OGLE-BLG-T2CEP-824  14.662 18.631  23.5450180 0.0044295  7011.54678  0.839  0.171 5.582  0.074 5.155
OGLE-BLG-T2CEP-825  15.335 17.103   1.3769221 0.0000003  7000.14341  0.601  0.296 4.210  0.043 4.137
OGLE-BLG-T2CEP-826  16.283 20.980  10.4115271 0.0000738  7008.72352  0.196  0.113 1.440  0.043 2.123
OGLE-BLG-T2CEP-827  14.308 16.368   7.2978419 0.0000853  7005.89679  0.071  0.097 0.173  0.016 0.271
OGLE-BLG-T2CEP-828  16.171 19.192   1.8262453 0.0000004  7001.56767  0.437  0.118 5.367  0.125 2.311
OGLE-BLG-T2CEP-829  19.325    -     3.6250829 0.0000286  7000.00982  0.824  0.381 5.307  0.175 4.122
OGLE-BLG-T2CEP-830  16.832 20.785   1.8624781 0.0000045  7001.36244  0.535  0.237 5.402  0.159 3.023
OGLE-BLG-T2CEP-831  18.911    -     2.1866732 0.0000144  7001.24862  0.452  0.178 5.503  0.076 3.156
OGLE-BLG-T2CEP-832  16.049 18.177   1.6699223 0.0000014  7000.49769  0.743  0.449 4.553  0.235 1.923
OGLE-BLG-T2CEP-833  17.542 18.728   8.5727356 0.0001015  7001.64931  0.378  0.314 0.553  0.065 0.131
OGLE-BLG-T2CEP-834  13.992 16.834   3.7009064 0.0000153  7003.38025  0.807  0.363 5.319  0.217 4.084
OGLE-BLG-T2CEP-835  14.212 15.533   2.2896107 0.0000014  7000.00792  0.413  0.180 5.519  0.099 3.619
OGLE-BLG-T2CEP-836  16.498    -    15.6867716 0.0008663  7000.23593  0.731  0.049 1.309  0.087 2.735
OGLE-BLG-T2CEP-837  15.373 17.047   1.1856971 0.0000002  7000.09680  0.573  0.253 4.566  0.120 3.827
OGLE-BLG-T2CEP-838  18.257    -    14.0811454 0.0003015  7002.69059  0.855  0.186 0.477  0.115 2.198
OGLE-BLG-T2CEP-839  17.900    -     1.8939674 0.0000010  7000.00352  0.473  0.195 5.486  0.127 3.118
OGLE-BLG-T2CEP-840  12.510 14.520  19.3646835 0.0002888  7013.52280  0.839  0.200 5.990  0.034 4.686
OGLE-BLG-T2CEP-841  16.597    -     5.1624054 0.0012476  7003.78063  0.228  0.208 4.906  0.088 5.750
OGLE-BLG-T2CEP-842  14.969    -    15.3524767 0.0004031  7010.74269  0.777  0.100 1.397  0.095 2.393
OGLE-BLG-T2CEP-843  15.478 19.713  35.4839568 0.0062957  7016.18948  0.679  0.195 5.728  0.097 5.576
OGLE-BLG-T2CEP-844  17.474    -    31.9090821 0.0667322  7017.48362  0.810  0.132 5.520  0.039 4.946
OGLE-BLG-T2CEP-845  17.016 18.439  18.1850419 0.0001820  7009.75110  0.509  0.305 0.695  0.051 0.468
OGLE-BLG-T2CEP-846  16.311 19.279   1.6012987 0.0000015  7001.31936  0.398  0.105 5.022  0.204 1.890
OGLE-BLG-T2CEP-847  11.868 13.040  28.5741635 0.0034212  7024.34690  0.675  0.353 5.572  0.238 4.175
OGLE-BLG-T2CEP-848  14.459 17.461  16.2803105 0.0004109  7000.57712  0.864  0.062 0.651  0.059 2.926
OGLE-BLG-T2CEP-849  14.605 18.006  15.2950265 0.0004586  7014.34211  0.657  0.071 1.983  0.068 2.606
OGLE-BLG-T2CEP-850  18.058    -    18.1654066 0.0015906  7007.85211  0.483  0.192 5.837  0.069 4.320
OGLE-BLG-T2CEP-851  12.139 14.250  18.2803392 0.0005415  7006.39650  0.814  0.204 0.167  0.077 0.701
OGLE-BLG-T2CEP-852  18.241 19.921   5.4364191 0.0000826  7001.49263  0.444  0.137 5.354  0.027 5.040
OGLE-BLG-T2CEP-853  15.766    -    28.2771123 0.0014794  7026.52511  0.885  0.153 6.173  0.077 5.557
OGLE-BLG-T2CEP-854  17.192 21.672   3.6581694 0.0000212  7001.63417  0.300  0.192 5.217  0.054 4.581
OGLE-BLG-T2CEP-855  16.389    -     6.2291755 0.0017947  7005.98568  0.183  0.157 5.632  0.000   -  
OGLE-BLG-T2CEP-856  15.877    -    23.1455175 0.0312162  7009.41264  0.835  0.223 5.344  0.100 4.231
OGLE-BLG-T2CEP-857  16.334    -    10.7792294 0.0056923  7008.76351  0.218  0.071 6.258  0.070   -  
OGLE-BLG-T2CEP-858  15.852 16.742   6.0848781 0.0000601  7001.71717  0.069  0.096 1.564  0.011   -  
OGLE-BLG-T2CEP-859  15.770 19.793   8.8676169 0.0002234  7002.72936  0.108  0.113 1.113  0.000   -  
OGLE-BLG-T2CEP-860  17.460    -     1.6750753 0.0000044  7001.28899  0.571  0.304 4.669  0.123 1.410
OGLE-BLG-T2CEP-861  16.510 18.692   1.7347564 0.0000022  7000.62663  0.279  0.480 4.253  0.028 6.186
OGLE-BLG-T2CEP-862  12.496 14.861  41.0403229 0.0024423  7022.12927  0.613  0.226 5.734  0.055 5.044
OGLE-BLG-T2CEP-863  13.089 14.842  13.5712740 0.0002119  7002.75298  0.551  0.133 1.343  0.081 2.358
OGLE-BLG-T2CEP-864  18.224    -     1.2987560 0.0000024  7000.04863  0.602  0.295 4.275  0.112 5.549
OGLE-BLG-T2CEP-865  15.808 19.334   2.0121124 0.0000015  7000.91845  0.506  0.351 4.559  0.192 2.066
OGLE-BLG-T2CEP-866  16.054    -    26.0380119 0.0021289  7023.05072  0.881  0.431 5.702  0.226 4.337
OGLE-BLG-T2CEP-867  16.309 19.095   1.1928943 0.0000015  7000.85618  0.224  0.229 5.380  0.043 4.250
OGLE-BLG-T2CEP-868  14.938 19.986  34.5184793 0.0038011  7024.45176  0.865  0.180 5.868  0.077 5.850
OGLE-BLG-T2CEP-869  18.806    -    15.3271527 0.0012264  7014.25501  0.929  0.258 0.073  0.062 2.905
OGLE-BLG-T2CEP-870  17.351    -    28.6905188 0.0102977  7000.68156  0.585  0.248 5.992  0.102 5.446
OGLE-BLG-T2CEP-871  18.322 20.237   5.0216720 0.0001920  7004.79504  0.472  0.464 4.554  0.100 4.123
OGLE-BLG-T2CEP-872  15.843 17.478   1.0273538 0.0000017  7000.99277  0.076  0.089 5.403  0.003   -  
OGLE-BLG-T2CEP-873  14.189 17.077  31.7786881 0.0054737  7025.65607  0.866  0.147 5.425  0.043 2.553
OGLE-BLG-T2CEP-874  17.100 20.401   1.0157269 0.0000059  7000.23872  0.239  0.281 5.510  0.064 4.906
OGLE-BLG-T2CEP-875  15.533 17.729   1.1901178 0.0000013  7000.27652  0.275  0.267 5.368  0.069 3.955
OGLE-BLG-T2CEP-876  17.462    -     5.9443292 0.0003298  7005.62728  0.281  0.000   -    0.000   -  
OGLE-BLG-T2CEP-877  16.386 19.827   1.7857404 0.0000017  7001.47930  0.430  0.157 5.492  0.139 2.589
OGLE-BLG-T2CEP-878  12.275 13.639   3.5202049 0.0000150  7000.13324  0.325  0.145 5.862  0.045 5.534
OGLE-BLG-T2CEP-879  13.599 15.418   6.5244736 0.0001167  7003.71835  0.095  0.095 6.184  0.018 6.186
OGLE-BLG-T2CEP-880  12.356 14.088  24.3165292 0.0010585  7004.97718  0.911  0.125 6.086  0.034 3.399
OGLE-BLG-T2CEP-881  15.521 19.695  17.6084270 0.0008186  7007.60106  0.812  0.020 1.075  0.065 2.715
OGLE-BLG-T2CEP-882  16.771    -    29.3528949 0.0292684  7000.61641  0.629  0.241 5.704  0.100 4.884
OGLE-BLG-T2CEP-883  14.483 19.038  53.4762504 0.0438680  7038.40719  0.796  0.154 5.823  0.039 4.787
OGLE-BLG-T2CEP-884  16.673 18.960   7.2746118 0.0005235  7003.80841  0.209  0.154 5.395  0.000   -  
OGLE-BLG-T2CEP-885  12.272 14.068  21.3074508 0.0004223  7012.58636  0.883  0.178 6.068  0.034 4.316
OGLE-BLG-T2CEP-886  13.762 15.890  47.1802711 0.0432731  7080.48196  0.697  0.134 4.797  0.040 5.865
OGLE-BLG-T2CEP-887  17.067 19.619   1.5447192 0.0000281  7000.53449  0.210  0.160 5.625  0.000   -  
OGLE-BLG-T2CEP-888  17.171 19.627   8.3199998 0.0009159  7000.41625  0.218  0.166 6.077  0.000   -  
OGLE-BLG-T2CEP-889  15.555 19.548  15.6999254 0.0003575  7015.67448  0.872  0.093 0.166  0.061 3.542
OGLE-BLG-T2CEP-890  13.299 14.779   5.7186891 0.0000423  7003.03167  0.119  0.100 5.774  0.022 4.955
OGLE-BLG-T2CEP-891  16.977 20.661   2.3048271 0.0000262  7002.03519  0.319  0.132 5.334  0.116 3.350
OGLE-BLG-T2CEP-892  16.366 18.016   3.4274513 0.0000068  7000.42747  0.397  0.350 4.192  0.013 4.444
OGLE-BLG-T2CEP-893  16.206    -    21.1064152 0.0031185  7020.59986  1.071  0.158 6.006  0.012 0.505
OGLE-BLG-T2CEP-894  13.125 14.554   8.9088479 0.0000977  7007.61581  0.146  0.142 0.960  0.035 1.547
OGLE-BLG-T2CEP-895  17.513 21.676   1.9734872 0.0000095  7001.69461  0.643  0.256 5.311  0.142 3.336
OGLE-BLG-T2CEP-896  15.218 18.186   2.2035574 0.0000120  7001.95488  0.783  0.318 5.030  0.212 3.339
OGLE-BLG-T2CEP-897  14.728 16.037  19.3040355 0.0003355  7003.98824  0.973  0.232 5.964  0.093 4.631
OGLE-BLG-T2CEP-898  14.837 15.882   2.5971250 0.0000030  7001.84933  0.261  0.268 5.219  0.025 3.988
OGLE-BLG-T2CEP-899  14.033 15.558   7.0872777 0.0000674  7003.78926  0.124  0.119 0.252  0.023 0.562
OGLE-BLG-T2CEP-900  14.017 16.871   7.7923392 0.0001003  7000.51967  0.421  0.231 5.709  0.042 4.564
OGLE-BLG-T2CEP-901  14.750 17.464   3.6738208 0.0000060  7003.53215  0.635  0.329 5.321  0.107 4.094
OGLE-BLG-T2CEP-902  14.326 15.284   1.4978177 0.0000009  7000.09839  0.506  0.234 4.772  0.073 0.466
OGLE-BLG-T2CEP-903  12.580 13.522   9.9071207 0.0003446  7004.79197  0.131  0.070 4.062  0.013   -  
OGLE-BLG-T2CEP-904  13.917 16.065  11.8588118 0.0001421  7001.74716  0.971  0.371 5.943  0.095 3.526
OGLE-BLG-T2CEP-905  16.634 19.164   1.0430318 0.0000012  7000.21711  0.359  0.321 5.141  0.098 3.589
OGLE-BLG-T2CEP-906  15.625 17.238  19.4501520 0.0023153  7004.36672  0.653  0.148 5.192  0.015 4.334
OGLE-BLG-T2CEP-907  14.675 16.891   1.2916149 0.0000008  7000.73663  0.608  0.219 4.866  0.177 1.408
OGLE-BLG-T2CEP-908  14.507 16.396   2.0984574 0.0000035  7000.28776  0.493  0.275 5.647  0.075 4.031
OGLE-BLG-T2CEP-909  14.518 15.591   1.1023710 0.0000015  7000.78179  0.241  0.249 5.687  0.081 5.642
OGLE-BLG-T2CEP-910  14.374 16.108   3.5639432 0.0000054  7003.55781  0.617  0.286 5.589  0.133 4.772
OGLE-BLG-T2CEP-911  13.546 16.036  34.1008758 0.0139545  7027.18079  0.868  0.451 4.982  0.200 3.458
OGLE-BLG-T2CEP-912  14.096 14.856   2.0358482 0.0000043  7000.33180  0.551  0.231 5.420  0.121 3.451
OGLE-BLG-T2CEP-913  12.053 13.223  30.3514270 0.0094978  7022.15563  1.389  0.206 5.769  0.067 5.405
OGLE-BLG-T2CEP-914  13.379 14.315   2.4608767 0.0000133  7001.30388  0.397  0.188 5.468  0.101 3.830
OGLE-BLG-T2CEP-915  18.950 20.536   4.2358747 0.0000624  7001.97369  0.746  0.253 5.412  0.034 4.608
OGLE-BLG-T2CEP-916  15.706 17.557   6.9475955 0.0001859  7002.54024  0.102  0.180 0.210  0.065 0.491
OGLE-BLG-T2CEP-917  14.156 15.281   1.9637274 0.0000013  7000.99879  0.526  0.218 5.512  0.123 3.270
OGLE-BLG-T2CEP-918  18.010 19.271  10.2585430 0.0004979  7006.89107  0.516  0.455 0.781  0.057 0.826
OGLE-BLG-T2CEP-919  12.035 13.158  31.4923633 0.0032333  7000.64340  0.673  0.090 5.402  0.028 2.759
OGLE-BLG-T2CEP-920  14.685 15.826   1.6715222 0.0000010  7000.10200  0.552  0.245 5.116  0.195 2.423
OGLE-BLG-T2CEP-921  12.215 13.481  16.8567547 0.0004462  7012.25371  0.764  0.019 0.424  0.070 2.903
OGLE-BLG-T2CEP-922  13.527 14.931   1.4576529 0.0000007  7001.03488  0.690  0.364 4.595  0.175 1.397
OGLE-BLG-T2CEP-923  14.545 15.509   1.3307467 0.0000012  7000.87041  0.258  0.218 5.809  0.036 4.376
OGLE-BLG-T2CEP-924  13.052 14.321   9.2051288 0.0004492  7008.75198  0.158  0.149 1.096  0.041 1.494
OGLE-BLG-T2CEP-925  15.232 16.335  10.4609109 0.0008777  7000.39804  0.531  0.309 5.768  0.032 4.933
OGLE-BLG-T2CEP-926  14.673 15.821   3.5361445 0.0000316  7001.68700  0.556  0.276 5.582  0.129 4.809
OGLE-BLG-T2CEP-927  12.329 13.384   1.7148288 0.0000072  7000.69293  0.416  0.161 5.180  0.183 2.403
OGLE-BLG-T2CEP-928  13.700 14.844  36.2173709 0.0173276  7030.92420  0.925  0.205 5.823  0.068 5.858
OGLE-BLG-T2CEP-929  16.759 17.366   1.0945539 0.0000049  7000.85300  0.576  0.319 4.633  0.090 2.419
OGLE-BLG-T2CEP-930  15.629    -     1.1430977 0.0000339  7000.95161  0.138  0.161 4.675  0.059 3.278
OGLE-BLG-T2CEP-931  16.587 17.232   1.3476418 0.0000053  7000.06036  0.637  0.265 4.276  0.093 4.129
