OGLE-SMC-RRLYR-0007  19.287 19.692  0.3545275 0.0000012  6000.30052  0.360  0.180 5.017  0.000   -  
OGLE-SMC-RRLYR-0020  19.085 19.575  0.3519203 0.0000012  6000.00855  0.279  0.110 5.050  0.000   -  
OGLE-SMC-RRLYR-0021  19.349 19.689  0.2848900 0.0000019  6000.23408  0.204  0.000   -    0.244 1.095
OGLE-SMC-RRLYR-0026  19.290 19.814  0.3616426 0.0000012  6000.08672  0.247  0.154 4.625  0.111 3.233
OGLE-SMC-RRLYR-0028  19.190 19.928  0.3696857 0.0000063  6000.01156  0.277  0.000   -    0.000   -  
OGLE-SMC-RRLYR-0032  19.223 19.609  0.3414603 0.0000008  6000.33278  0.308  0.188 5.059  0.000   -  
OGLE-SMC-RRLYR-0035  18.940 19.356  0.3438966 0.0000015  6000.25563  0.298  0.132 4.341  0.098   -  
OGLE-SMC-RRLYR-0040  19.019 19.566  0.3949113 0.0000012  6000.20968  0.313  0.211 4.832  0.136 2.871
OGLE-SMC-RRLYR-0050  18.937 19.392  0.3485825 0.0000006  6000.15201  0.362  0.219 4.766  0.121 2.973
OGLE-SMC-RRLYR-0062  19.049 19.570  0.3793366 0.0000010  6000.20503  0.270  0.151 5.258  0.114 3.417
OGLE-SMC-RRLYR-0067  19.188 19.744  0.3020487 0.0000015  6000.19213  0.166  0.494 4.341  0.000   -  
OGLE-SMC-RRLYR-0088  19.302 19.746  0.3444160 0.0000012  6000.18356  0.326  0.229 4.455  0.000   -  
OGLE-SMC-RRLYR-0092  19.410 19.753  0.2875889 0.0000044  6000.11808  0.208  0.000   -    0.000   -  
OGLE-SMC-RRLYR-0093  19.148 19.630  0.3741511 0.0000012  6000.12846  0.284  0.186 5.149  0.000   -  
OGLE-SMC-RRLYR-0096  17.219 17.604  0.2971536 0.0000002  6000.22100  0.291  0.159 4.909  0.084 3.526
OGLE-SMC-RRLYR-0111  18.969 19.337  0.3070261 0.0000007  6000.03853  0.308  0.227 4.720  0.081 2.674
OGLE-SMC-RRLYR-0122  19.035 19.465  0.3634960 0.0000007  6000.16483  0.328  0.203 5.054  0.049   -  
OGLE-SMC-RRLYR-0126  19.091 19.552  0.3688199 0.0000014  6000.22490  0.258  0.089 4.572  0.000   -  
OGLE-SMC-RRLYR-0136  19.677 20.021  0.2308427 0.0000015  6000.16873  0.161  0.000   -    0.000   -  
OGLE-SMC-RRLYR-0140  19.165 19.647  0.3694984 0.0000016  6000.20455  0.232  0.152 0.441  0.000   -  
OGLE-SMC-RRLYR-0141  19.265 19.781  0.3247237 0.0000010  6000.19504  0.236  0.106 4.623  0.110 4.150
OGLE-SMC-RRLYR-0148  19.053 19.410  0.3289878 0.0000008  6000.20663  0.397  0.300 4.309  0.095 2.617
OGLE-SMC-RRLYR-0152  19.174    -    0.3082582 0.0000008  6000.19757  0.198  0.000   -    0.000   -  
OGLE-SMC-RRLYR-0159  19.403 19.808  0.2961466 0.0000012  6000.11143  0.299  0.172 4.994  0.000   -  
OGLE-SMC-RRLYR-0177  19.002 19.403  0.3293926 0.0000015  6000.23426  0.290  0.102 4.995  0.116 4.270
OGLE-SMC-RRLYR-0213  19.227 19.667  0.3975358 0.0000012  6000.07549  0.295  0.070   -    0.000   -  
OGLE-SMC-RRLYR-0218  19.146 19.615  0.3532228 0.0000011  6000.05072  0.318  0.242 5.041  0.098 3.425
OGLE-SMC-RRLYR-0227  19.010 19.424  0.3478586 0.0000009  6000.12965  0.343  0.177 4.645  0.074 3.190
OGLE-SMC-RRLYR-0232  19.011 19.362  0.3383405 0.0000007  6000.18108  0.405  0.197 4.819  0.103 3.007
OGLE-SMC-RRLYR-0242  19.274 19.721  0.3873259 0.0000017  6000.15847  0.284  0.131 4.914  0.000   -  
OGLE-SMC-RRLYR-0245  19.079 19.477  0.3085583 0.0000007  6000.22389  0.357  0.268 4.596  0.105 2.462
OGLE-SMC-RRLYR-0247  18.910 19.400  0.3934763 0.0000012  6000.06401  0.301  0.212 4.941  0.086 2.717
OGLE-SMC-RRLYR-0271  18.981 19.436  0.4149434 0.0000016  6000.33535  0.282  0.204 5.113  0.070   -  
OGLE-SMC-RRLYR-0291  18.851 19.178  0.3558279 0.0000008  6000.14525  0.320  0.225 4.584  0.115 2.972
OGLE-SMC-RRLYR-0295  19.149 19.577  0.3674491 0.0000015  6000.27535  0.273  0.144 4.950  0.107   -  
OGLE-SMC-RRLYR-0320  19.460 19.797  0.2958290 0.0000009  6000.13895  0.361  0.192 4.468  0.122 2.414
OGLE-SMC-RRLYR-0336  19.303 19.668  0.2968808 0.0000010  6000.14843  0.352  0.199 5.085  0.000   -  
OGLE-SMC-RRLYR-0348  19.321 19.788  0.3497983 0.0000016  6000.22000  0.277  0.202 4.750  0.000   -  
OGLE-SMC-RRLYR-0366  19.031 19.438  0.3633955 0.0000057  6000.03754  0.093  0.000   -    0.000   -  
OGLE-SMC-RRLYR-0409  19.195 19.661  0.3612697 0.0000013  6000.08480  0.281  0.185 4.819  0.083   -  
OGLE-SMC-RRLYR-0419  19.185 19.612  0.2934648 0.0000020  6000.06890  0.163  0.151   -    0.000   -  
OGLE-SMC-RRLYR-0434  19.310 19.625  0.3122360 0.0000009  6000.22875  0.341  0.222 4.753  0.103 2.422
OGLE-SMC-RRLYR-0438  19.772 20.204  0.2668689 0.0000012  6000.07999  0.287  0.208 4.340  0.000   -  
OGLE-SMC-RRLYR-0441  19.335 19.795  0.3526812 0.0000012  6000.13320  0.336  0.139 4.830  0.000   -  
OGLE-SMC-RRLYR-0451  19.148 19.517  0.3129704 0.0000018  6000.30914  0.203  0.284 3.477  0.000   -  
OGLE-SMC-RRLYR-0456  19.218 19.573  0.2760532 0.0000021  6000.07145  0.136  0.000   -    0.000   -  
OGLE-SMC-RRLYR-0462  19.543 19.934  0.2713459 0.0000011  6000.00565  0.264  0.132 5.189  0.126   -  
OGLE-SMC-RRLYR-0472  19.247 19.747  0.3698251 0.0000026  6000.03053  0.269  0.000   -    0.000   -  
OGLE-SMC-RRLYR-0476  19.366 19.720  0.2452951 0.0000011  6000.03326  0.193  0.000   -    0.000   -  
OGLE-SMC-RRLYR-0488  19.225 19.571  0.2956022 0.0000010  6000.08934  0.279  0.243 4.271  0.000   -  
OGLE-SMC-RRLYR-0497  19.221 19.749  0.3459512 0.0000012  6000.16087  0.292  0.210 4.602  0.119 3.115
OGLE-SMC-RRLYR-0502  19.469 19.893  0.3450920 0.0000021  6000.22794  0.234  0.000   -    0.000   -  
OGLE-SMC-RRLYR-0503  19.157 19.626  0.3637693 0.0000015  6000.32242  0.238  0.000   -    0.000   -  
OGLE-SMC-RRLYR-0506  19.046 19.536  0.3959881 0.0000015  6000.17850  0.299  0.181 4.757  0.117 3.314
OGLE-SMC-RRLYR-0510  19.035 19.350  0.2810085 0.0000019  6000.05038  0.138  0.204 3.868  0.000   -  
OGLE-SMC-RRLYR-0525  19.379 19.844  0.3675704 0.0000016  6000.36280  0.257  0.142 5.139  0.000   -  
OGLE-SMC-RRLYR-0527  18.858 19.324  0.3591368 0.0000016  6000.12302  0.176  0.138 4.708  0.127 3.583
OGLE-SMC-RRLYR-0528  19.220 19.607  0.3632367 0.0000011  6000.01871  0.314  0.121 5.061  0.070   -  
OGLE-SMC-RRLYR-0530  19.111 19.533  0.3514342 0.0000010  6000.32360  0.318  0.157 4.520  0.084 2.644
OGLE-SMC-RRLYR-0535  19.415 19.852  0.3097993 0.0000014  6000.02477  0.227  0.000   -    0.138 4.056
OGLE-SMC-RRLYR-0546  19.132 19.589  0.3420063 0.0000010  6000.19961  0.299  0.206 4.698  0.123 2.704
OGLE-SMC-RRLYR-0551  19.489 19.925  0.3431586 0.0000018  6000.08692  0.303  0.132 5.600  0.000   -  
OGLE-SMC-RRLYR-0554  19.339 19.755  0.3118076 0.0000009  6000.07520  0.411  0.257 4.548  0.096 2.089
OGLE-SMC-RRLYR-0572  19.469    -    0.3202116 0.0000048  6000.19519  0.269  0.000   -    0.000   -  
OGLE-SMC-RRLYR-0580  19.334 19.849  0.3761012 0.0000026  6000.04364  0.289  0.173 5.079  0.000   -  
OGLE-SMC-RRLYR-0581  19.279 19.483  0.2477622 0.0000004  6000.19235  0.231  0.163 4.245  0.113 4.007
OGLE-SMC-RRLYR-0583  19.125 19.501  0.2843695 0.0000014  6000.00861  0.226  0.195   -    0.000   -  
OGLE-SMC-RRLYR-0586  19.143 19.603  0.3513118 0.0000010  6000.09936  0.289  0.141 4.776  0.104 3.637
OGLE-SMC-RRLYR-0595  19.488 19.809  0.2510811 0.0000013  6000.17981  0.200  0.000   -    0.000   -  
OGLE-SMC-RRLYR-0615  19.112 19.527  0.3102731 0.0000019  6000.19329  0.136  0.174 4.018  0.000   -  
OGLE-SMC-RRLYR-0618  19.176 19.606  0.3522190 0.0000013  6000.06106  0.300  0.120 5.025  0.000   -  
OGLE-SMC-RRLYR-0624  19.614 20.010  0.2535762 0.0000012  6000.00506  0.226  0.000   -    0.000   -  
OGLE-SMC-RRLYR-0639  19.368 19.869  0.3689800 0.0000014  6000.05586  0.271  0.149 5.180  0.129 2.810
OGLE-SMC-RRLYR-0647  19.074 19.418  0.3105350 0.0000007  6000.13382  0.273  0.250 4.205  0.109 3.136
OGLE-SMC-RRLYR-0665  19.141 19.524  0.3375757 0.0000009  6000.29567  0.351  0.288 4.337  0.000   -  
OGLE-SMC-RRLYR-0675  19.242 19.653  0.3114037 0.0000010  6000.08439  0.347  0.260 4.784  0.000   -  
OGLE-SMC-RRLYR-0681  19.538 19.889  0.2648483 0.0000015  6000.13947  0.285  0.000   -    0.000   -  
OGLE-SMC-RRLYR-0699  19.086 19.581  0.3702374 0.0000014  6000.12266  0.263  0.110 4.714  0.000   -  
OGLE-SMC-RRLYR-0702  19.141 19.521  0.3461945 0.0000012  6000.12143  0.286  0.134 4.838  0.000   -  
OGLE-SMC-RRLYR-0710  19.199 19.639  0.3441265 0.0000010  6000.20553  0.319  0.152 4.738  0.068 1.933
OGLE-SMC-RRLYR-0712  19.274 19.676  0.3207464 0.0000015  6000.14266  0.236  0.114   -    0.000   -  
OGLE-SMC-RRLYR-0718  19.225    -    0.3801351 0.0000054  6000.31935  0.612  0.392 5.804  0.150 2.944
OGLE-SMC-RRLYR-0722  19.163 19.606  0.3610419 0.0000008  6000.16629  0.405  0.260 4.517  0.136 2.382
OGLE-SMC-RRLYR-0723  19.040 19.461  0.3333207 0.0000008  6000.09672  0.349  0.214 4.667  0.098 2.927
OGLE-SMC-RRLYR-0725  19.596 20.138  0.3567725 0.0000026  6000.26996  0.256  0.204 5.200  0.000   -  
OGLE-SMC-RRLYR-0752  20.221 20.818  0.2547618 0.0000013  6000.24008  0.341  0.155   -    0.189   -  
OGLE-SMC-RRLYR-0759  19.535 19.952  0.3015801 0.0000014  6000.25697  0.235  0.000   -    0.000   -  
OGLE-SMC-RRLYR-0764  19.245 19.664  0.3588457 0.0000016  6000.09188  0.267  0.000   -    0.000   -  
OGLE-SMC-RRLYR-0798  19.928 20.657  0.3424892 0.0000021  6000.13386  0.285  0.000   -    0.000   -  
OGLE-SMC-RRLYR-0808  19.269 19.641  0.3199409 0.0000014  6000.08951  0.311  0.259 4.875  0.095   -  
OGLE-SMC-RRLYR-0815  19.853 20.517  0.2442365 0.0000014  6000.07005  0.236  0.242 4.175  0.000   -  
OGLE-SMC-RRLYR-0818  19.224 19.752  0.3768693 0.0000012  6000.26687  0.311  0.165 5.094  0.000   -  
OGLE-SMC-RRLYR-0839  18.996 19.429  0.3710873 0.0000010  6000.19524  0.306  0.197 4.892  0.088 3.454
OGLE-SMC-RRLYR-0842  19.808 20.525  0.3613561 0.0000026  6000.29462  0.304  0.182 5.125  0.000   -  
OGLE-SMC-RRLYR-0844  18.860 19.591  0.3572626 0.0000015  6000.13561  0.182  0.444 4.403  0.000   -  
OGLE-SMC-RRLYR-0850  19.161 19.612  0.3360911 0.0000010  6000.03028  0.288  0.113 4.819  0.096 3.135
OGLE-SMC-RRLYR-0852  19.120 19.542  0.3669696 0.0000014  6000.14036  0.279  0.092 5.159  0.000   -  
OGLE-SMC-RRLYR-0853  19.181 19.627  0.3081975 0.0000007  6000.14911  0.354  0.296 4.428  0.063   -  
OGLE-SMC-RRLYR-0858  19.559 19.946  0.3021792 0.0000014  6000.27009  0.250  0.000   -    0.000   -  
OGLE-SMC-RRLYR-0861  19.200 19.577  0.3042220 0.0000007  6000.02315  0.396  0.311 4.699  0.000   -  
OGLE-SMC-RRLYR-0874  19.123 19.545  0.3354194 0.0000008  6000.19649  0.353  0.206 4.611  0.000   -  
OGLE-SMC-RRLYR-0883  18.837 19.320  0.3737293 0.0000010  6000.10087  0.289  0.146 4.906  0.077   -  
OGLE-SMC-RRLYR-0894  19.141 19.594  0.3299120 0.0000007  6000.08089  0.383  0.319 4.686  0.000   -  
OGLE-SMC-RRLYR-0898  18.907 19.468  0.3621697 0.0000013  6000.19528  0.231  0.159 4.875  0.000   -  
OGLE-SMC-RRLYR-0899  19.177 19.660  0.3593600 0.0000014  6000.07806  0.315  0.177 4.907  0.068   -  
OGLE-SMC-RRLYR-0915  19.213 19.642  0.2977809 0.0000034  6000.25028  0.266  0.000   -    0.000   -  
OGLE-SMC-RRLYR-0940  19.338 19.725  0.3261949 0.0000010  6000.26635  0.305  0.144 4.903  0.109 3.745
OGLE-SMC-RRLYR-0951  19.085 19.583  0.4059110 0.0000015  6000.17393  0.267  0.168 5.159  0.073   -  
OGLE-SMC-RRLYR-0964  19.011 19.519  0.3825274 0.0000013  6000.13908  0.302  0.187 4.815  0.071   -  
OGLE-SMC-RRLYR-0970  19.387 19.820  0.3541749 0.0000013  6000.13061  0.317  0.143 4.876  0.000   -  
OGLE-SMC-RRLYR-0974  19.334 19.830  0.3556388 0.0000013  6000.26020  0.333  0.190 4.817  0.000   -  
OGLE-SMC-RRLYR-0976  19.368 19.988  0.3721888 0.0000022  6000.24619  0.302  0.122 4.945  0.000   -  
OGLE-SMC-RRLYR-0978  19.052 19.476  0.3454005 0.0000006  6000.24501  0.189  0.000   -    0.000   -  
OGLE-SMC-RRLYR-0982  19.151 19.591  0.3360002 0.0000009  6000.18797  0.335  0.161 4.714  0.112 3.076
OGLE-SMC-RRLYR-0992  19.110 19.585  0.3639331 0.0000011  6000.02842  0.269  0.128 4.932  0.071   -  
OGLE-SMC-RRLYR-0993  19.125 19.704  0.3108851 0.0000009  6000.17234  0.270  0.424 4.143  0.134 2.553
OGLE-SMC-RRLYR-1011  19.555 19.992  0.2429224 0.0000008  6000.19994  0.282  0.350 4.620  0.140   -  
OGLE-SMC-RRLYR-1030  19.107 19.569  0.3543056 0.0000014  6000.02113  0.264  0.200 5.189  0.091 5.406
OGLE-SMC-RRLYR-1047  18.750 19.597  0.2525099 0.0000008  6000.02189  0.207  0.113 4.166  0.000   -  
OGLE-SMC-RRLYR-1051  18.700 19.191  0.4563269 0.0000011  6000.14352  0.345  0.313 4.600  0.134 2.648
OGLE-SMC-RRLYR-1057  19.082 19.595  0.3805154 0.0000014  6000.07110  0.265  0.163 5.260  0.000   -  
OGLE-SMC-RRLYR-1063  19.329 19.709  0.2938674 0.0000013  6000.27089  0.246  0.200 4.079  0.170 2.167
OGLE-SMC-RRLYR-1075  19.383 19.988  0.3782163 0.0000021  6000.24410  0.343  0.183 4.841  0.000   -  
OGLE-SMC-RRLYR-1085  19.614 20.005  0.2406476 0.0000008  6000.20819  0.269  0.220 4.442  0.000   -  
OGLE-SMC-RRLYR-1089  19.098 19.596  0.3937696 0.0000013  6000.33985  0.319  0.167 5.058  0.000   -  
OGLE-SMC-RRLYR-1093  19.307 19.734  0.3069791 0.0000011  6000.21017  0.253  0.180 5.137  0.000   -  
OGLE-SMC-RRLYR-1094  19.676 20.034  0.2531077 0.0000014  6000.21169  0.212  0.197 4.240  0.000   -  
OGLE-SMC-RRLYR-1099  19.258 19.728  0.3664736 0.0000013  6000.10116  0.313  0.171 4.763  0.000   -  
OGLE-SMC-RRLYR-1102  19.277 19.716  0.3327980 0.0000012  6000.08001  0.353  0.119 4.720  0.000   -  
OGLE-SMC-RRLYR-1107  19.311 19.826  0.2514844 0.0000014  6000.01037  0.172  0.000   -    0.000   -  
OGLE-SMC-RRLYR-1109  19.302 19.495  0.2809253 0.0000016  6000.11817  0.171  0.236 4.846  0.000   -  
OGLE-SMC-RRLYR-1115  19.103 19.596  0.3650017 0.0000012  6000.32791  0.278  0.160 5.156  0.000   -  
OGLE-SMC-RRLYR-1116  19.196 19.663  0.3487571 0.0000008  6000.26647  0.358  0.172 4.683  0.084 2.917
OGLE-SMC-RRLYR-1122  19.151 19.530  0.3088575 0.0000006  6000.08838  0.387  0.343 4.669  0.107 2.955
OGLE-SMC-RRLYR-1129  19.608    -    0.2752376 0.0000016  6000.25963  0.334  0.184 4.583  0.000   -  
OGLE-SMC-RRLYR-1137  19.250 19.671  0.3732774 0.0000017  6000.33965  0.337  0.129 5.020  0.000   -  
OGLE-SMC-RRLYR-1140  19.107 19.591  0.3653154 0.0000010  6000.00104  0.302  0.200 4.756  0.112 3.355
OGLE-SMC-RRLYR-1141  19.418    -    0.3639337 0.0000039  6000.01898  0.277  0.000   -    0.000   -  
OGLE-SMC-RRLYR-1156  18.974 19.479  0.3642333 0.0000012  6000.06302  0.265  0.164 5.326  0.000   -  
OGLE-SMC-RRLYR-1168  19.093 19.512  0.3462548 0.0000008  6000.11147  0.372  0.229 4.675  0.083 2.390
OGLE-SMC-RRLYR-1174  19.134 19.607  0.3610566 0.0000010  6000.20593  0.335  0.194 4.553  0.000   -  
OGLE-SMC-RRLYR-1186  19.134 19.574  0.3556812 0.0000009  6000.19744  0.384  0.210 4.602  0.090 3.255
OGLE-SMC-RRLYR-1187  19.383 19.828  0.3658030 0.0000016  6000.09021  0.284  0.000   -    0.000   -  
OGLE-SMC-RRLYR-1197  19.144 19.568  0.3324238 0.0000011  6000.21036  0.368  0.195 4.875  0.000   -  
OGLE-SMC-RRLYR-1217  19.477 19.850  0.2910946 0.0000013  6000.03312  0.264  0.000   -    0.000   -  
OGLE-SMC-RRLYR-1228  18.929 19.411  0.3643065 0.0000019  6000.06904  0.285  0.132 5.234  0.000   -  
OGLE-SMC-RRLYR-1229  19.305 19.654  0.3247696 0.0000011  6000.02235  0.286  0.150 4.608  0.069   -  
OGLE-SMC-RRLYR-1233  19.168 19.612  0.2875666 0.0000008  6000.07510  0.281  0.240 4.619  0.134 2.516
OGLE-SMC-RRLYR-1241  19.346 19.891  0.2635859 0.0000010  6000.06510  0.244  0.145   -    0.000   -  
OGLE-SMC-RRLYR-1246  19.678 20.105  0.2674878 0.0000013  6000.05856  0.275  0.148 5.310  0.000   -  
OGLE-SMC-RRLYR-1261  19.133 19.583  0.3597816 0.0000012  6000.29514  0.310  0.220 4.774  0.079   -  
OGLE-SMC-RRLYR-1265  19.277 19.772  0.3679797 0.0000014  6000.14806  0.284  0.147 5.138  0.118 3.154
OGLE-SMC-RRLYR-1266  19.163 19.537  0.3029696 0.0000010  6000.05401  0.241  0.258 5.067  0.000   -  
OGLE-SMC-RRLYR-1287  19.730 20.154  0.2566007 0.0000016  6000.21788  0.217  0.000   -    0.000   -  
OGLE-SMC-RRLYR-1299  16.530 17.000  0.3433165 0.0000002  6000.13958  0.255  0.109 5.017  0.065 4.043
OGLE-SMC-RRLYR-1308  19.572 19.972  0.2559613 0.0000007  6000.09692  0.331  0.192 4.814  0.000   -  
OGLE-SMC-RRLYR-1326  19.271 19.682  0.3186984 0.0000010  6000.19213  0.291  0.136 4.990  0.000   -  
OGLE-SMC-RRLYR-1327  19.152 19.492  0.3827436 0.0000018  6000.07331  0.282  0.076   -    0.000   -  
OGLE-SMC-RRLYR-1339  19.068 19.336  0.2779641 0.0000013  6000.24138  0.141  0.000   -    0.000   -  
OGLE-SMC-RRLYR-1351  19.252 19.636  0.3135445 0.0000011  6000.22639  0.355  0.254 4.754  0.000   -  
OGLE-SMC-RRLYR-1366  19.349 19.664  0.3033320 0.0000013  6000.01352  0.274  0.114 4.907  0.000   -  
OGLE-SMC-RRLYR-1368  15.900 16.289  0.2917251 0.0000004  6000.10018  0.293  0.162 4.259  0.070 1.930
OGLE-SMC-RRLYR-1369  19.253 19.697  0.3660911 0.0000011  6000.09484  0.327  0.172 4.659  0.109 2.953
OGLE-SMC-RRLYR-1371  19.223 19.771  0.3714167 0.0000014  6000.04980  0.293  0.171 5.141  0.127 3.557
OGLE-SMC-RRLYR-1372  18.967    -    0.3989891 0.0000008  6000.28082  0.312  0.234 5.154  0.000   -  
OGLE-SMC-RRLYR-1395  19.374 19.801  0.3491561 0.0000011  6000.01210  0.320  0.145 4.496  0.123 2.390
OGLE-SMC-RRLYR-1397  19.635 20.033  0.2837177 0.0000012  6000.26052  0.265  0.208 3.868  0.000   -  
OGLE-SMC-RRLYR-1398  18.788 19.308  0.4277795 0.0000010  6000.13812  0.365  0.301 4.907  0.096 2.880
OGLE-SMC-RRLYR-1412  19.127 19.645  0.3943332 0.0000017  6000.30316  0.264  0.210 5.016  0.100 3.219
OGLE-SMC-RRLYR-1414  19.205    -    0.3610935 0.0000026  6000.17421  0.289  0.269 5.023  0.167   -  
OGLE-SMC-RRLYR-1416  18.942 19.436  0.3708830 0.0000010  6000.08836  0.340  0.176 4.710  0.080 2.748
OGLE-SMC-RRLYR-1418  19.327 19.775  0.3390940 0.0000015  6000.07156  0.243  0.000   -    0.000   -  
OGLE-SMC-RRLYR-1419  19.230 19.668  0.3511240 0.0000016  6000.08575  0.246  0.147 4.994  0.116 3.333
OGLE-SMC-RRLYR-1429  19.079 19.646  0.4412717 0.0000017  6000.00650  0.275  0.108 6.201  0.099 4.855
OGLE-SMC-RRLYR-1451  19.492 20.076  0.3360573 0.0000014  6000.10800  0.306  0.214 4.812  0.000   -  
OGLE-SMC-RRLYR-1465  19.590 20.199  0.3047602 0.0000015  6000.16030  0.240  0.000   -    0.000   -  
OGLE-SMC-RRLYR-1471  18.991 19.404  0.3295641 0.0000013  6000.15242  0.233  0.109 4.476  0.000   -  
OGLE-SMC-RRLYR-1548  19.589 20.053  0.3048253 0.0000012  6000.27433  0.261  0.125 4.831  0.144 3.607
OGLE-SMC-RRLYR-1554  19.254 19.789  0.3882798 0.0000013  6000.00972  0.301  0.238 5.008  0.132 3.858
OGLE-SMC-RRLYR-1572  19.362 19.873  0.3781429 0.0000022  6000.06383  0.245  0.176 5.307  0.000   -  
OGLE-SMC-RRLYR-1573  19.497 19.905  0.3137953 0.0000012  6000.12597  0.283  0.000   -    0.093 2.697
OGLE-SMC-RRLYR-1590  19.304 19.837  0.3742695 0.0000016  6000.01986  0.304  0.103   -    0.000   -  
OGLE-SMC-RRLYR-1609  19.230 19.651  0.3705557 0.0000021  6000.23404  0.292  0.155 5.167  0.000   -  
OGLE-SMC-RRLYR-1619  19.168 19.653  0.3570826 0.0000014  6000.08309  0.259  0.163 5.302  0.000   -  
OGLE-SMC-RRLYR-1620  19.402 19.880  0.3457576 0.0000013  6000.09771  0.285  0.116 4.440  0.000   -  
OGLE-SMC-RRLYR-1630  19.555 19.921  0.3214943 0.0000016  6000.14013  0.272  0.113   -    0.000   -  
OGLE-SMC-RRLYR-1671  19.331 19.827  0.3840983 0.0000016  6000.18307  0.292  0.000   -    0.000   -  
OGLE-SMC-RRLYR-1673  18.561 18.893  0.4872633 0.0000025  6000.27764  0.157  0.090   -    0.000   -  
OGLE-SMC-RRLYR-1674  19.281    -    0.3274377 0.0000008  6000.24679  0.188  0.000   -    0.000   -  
OGLE-SMC-RRLYR-1676  19.158 19.645  0.3972057 0.0000034  6000.28304  0.224  0.152   -    0.174 3.622
OGLE-SMC-RRLYR-1689  19.223 19.676  0.3682204 0.0000014  6000.22625  0.276  0.178 5.101  0.000   -  
OGLE-SMC-RRLYR-1701  19.685 20.000  0.2612481 0.0000023  6000.10361  0.197  0.000   -    0.000   -  
OGLE-SMC-RRLYR-1710  19.283 19.731  0.3462876 0.0000012  6000.09799  0.311  0.174 4.987  0.000   -  
OGLE-SMC-RRLYR-1711  19.121 19.564  0.3473271 0.0000009  6000.21580  0.348  0.164 4.754  0.098 3.129
OGLE-SMC-RRLYR-1727  19.562 19.966  0.2828950 0.0000012  6000.23159  0.282  0.000   -    0.000   -  
OGLE-SMC-RRLYR-1729  19.322 19.763  0.2940351 0.0000009  6000.13131  0.246  0.175 4.738  0.000   -  
OGLE-SMC-RRLYR-1734  19.402 19.789  0.3163836 0.0000013  6000.00377  0.277  0.098   -    0.000   -  
OGLE-SMC-RRLYR-1739  19.025 19.570  0.4459850 0.0000043  6000.14105  0.230  0.000   -    0.000   -  
OGLE-SMC-RRLYR-1741  19.506 19.857  0.2315206 0.0000010  6000.02286  0.177  0.243 4.427  0.000   -  
OGLE-SMC-RRLYR-1749  19.055 19.488  0.3535418 0.0000009  6000.19334  0.385  0.275 4.251  0.059   -  
OGLE-SMC-RRLYR-1751  19.692 20.070  0.2710210 0.0000012  6000.05298  0.260  0.000   -    0.000   -  
OGLE-SMC-RRLYR-1756  19.458 19.821  0.3169335 0.0000014  6000.30188  0.282  0.125 5.154  0.184 4.269
OGLE-SMC-RRLYR-1775  19.419    -    0.2568301 0.0000011  6000.17404  0.202  0.000   -    0.000   -  
OGLE-SMC-RRLYR-1783  19.502 19.870  0.2604678 0.0000015  6000.18644  0.204  0.229 4.649  0.000   -  
OGLE-SMC-RRLYR-1785  19.275 19.728  0.3691825 0.0000014  6000.06460  0.315  0.152 4.480  0.000   -  
OGLE-SMC-RRLYR-1791  19.203 19.643  0.3634036 0.0000011  6000.18272  0.363  0.184 4.494  0.114 2.526
OGLE-SMC-RRLYR-1796  19.721 20.097  0.2527269 0.0000008  6000.18138  0.358  0.279 4.491  0.000   -  
OGLE-SMC-RRLYR-1806  19.573    -    0.2954864 0.0000027  6000.05990  0.288  0.000   -    0.000   -  
OGLE-SMC-RRLYR-1810  19.267 19.747  0.3549047 0.0000012  6000.10629  0.302  0.141 4.528  0.000   -  
OGLE-SMC-RRLYR-1835  19.279 19.754  0.3398492 0.0000008  6000.10794  0.396  0.255 4.509  0.126 2.531
OGLE-SMC-RRLYR-1840  19.217 19.524  0.4040405 0.0000019  6000.19789  0.308  0.000   -    0.000   -  
OGLE-SMC-RRLYR-1864  19.272 19.791  0.3733685 0.0000012  6000.19089  0.278  0.200 4.914  0.110 3.184
OGLE-SMC-RRLYR-1884  19.510 19.924  0.2697150 0.0000025  6000.07226  0.148  0.000   -    0.000   -  
OGLE-SMC-RRLYR-1905  19.324 19.777  0.3479954 0.0000011  6000.20312  0.308  0.158 4.846  0.000   -  
OGLE-SMC-RRLYR-1908  19.239 19.759  0.3627520 0.0000010  6000.03287  0.359  0.225 4.770  0.000   -  
OGLE-SMC-RRLYR-1921  19.203 19.707  0.3643775 0.0000015  6000.33685  0.300  0.171 4.792  0.000   -  
OGLE-SMC-RRLYR-1924  19.349 19.797  0.3530531 0.0000014  6000.25191  0.322  0.151 5.081  0.000   -  
OGLE-SMC-RRLYR-1931  19.285 19.797  0.3589640 0.0000017  6000.20937  0.245  0.155 4.983  0.000   -  
OGLE-SMC-RRLYR-1943  19.707 20.048  0.3124658 0.0000043  6000.30566  0.314  0.000   -    0.000   -  
OGLE-SMC-RRLYR-1944  19.480 19.883  0.3458049 0.0000017  6000.00354  0.260  0.000   -    0.000   -  
OGLE-SMC-RRLYR-1949  18.990 19.483  0.3615327 0.0000010  6000.24762  0.269  0.144 4.941  0.087 2.917
OGLE-SMC-RRLYR-1957  19.708 20.312  0.3479797 0.0000012  6000.06568  0.373  0.216 4.613  0.162 2.445
OGLE-SMC-RRLYR-1960  19.006 19.483  0.3760319 0.0000010  6000.36469  0.285  0.188 5.086  0.107 3.366
OGLE-SMC-RRLYR-1961  19.027 19.334  0.3471472 0.0000007  6000.09750  0.391  0.146 4.939  0.000   -  
OGLE-SMC-RRLYR-1971  19.434 19.936  0.3656799 0.0000021  6000.01582  0.259  0.112   -    0.000   -  
OGLE-SMC-RRLYR-1973  19.154 19.609  0.3433805 0.0000008  6000.33470  0.342  0.203 4.775  0.096 2.783
OGLE-SMC-RRLYR-1998  19.194 19.517  0.3108544 0.0000012  6000.04156  0.270  0.128 5.356  0.000   -  
OGLE-SMC-RRLYR-2001  19.065 19.538  0.3763741 0.0000017  6000.10578  0.296  0.000   -    0.000   -  
OGLE-SMC-RRLYR-2006  19.246 19.703  0.3553607 0.0000011  6000.23008  0.317  0.184 5.045  0.083 3.602
OGLE-SMC-RRLYR-2008  19.435 19.912  0.3047860 0.0000012  6000.28419  0.238  0.000   -    0.132   -  
OGLE-SMC-RRLYR-2024  19.125 19.435  0.2829939 0.0000009  6000.25871  0.229  0.192 4.559  0.000   -  
OGLE-SMC-RRLYR-2033  19.109 19.458  0.3625476 0.0000013  6000.19967  0.274  0.125 5.118  0.095   -  
OGLE-SMC-RRLYR-2044  19.321 19.823  0.3900880 0.0000026  6000.29084  0.246  0.170 5.573  0.106 5.904
OGLE-SMC-RRLYR-2046  19.037    -    0.3712504 0.0000023  6000.30084  0.314  0.160   -    0.244 4.013
OGLE-SMC-RRLYR-2061  19.419 19.888  0.3106060 0.0000008  6000.05413  0.359  0.244 4.711  0.135 2.669
OGLE-SMC-RRLYR-2062  19.104 19.525  0.3758087 0.0000016  6000.35055  0.245  0.182 5.437  0.120 3.787
OGLE-SMC-RRLYR-2073  19.049 19.507  0.4100550 0.0000013  6000.34428  0.293  0.160 5.313  0.087 3.712
OGLE-SMC-RRLYR-2077  19.196    -    0.3104978 0.0000046  6000.00722  0.266  0.461 5.711  0.454   -  
OGLE-SMC-RRLYR-2078  19.449 19.954  0.2832318 0.0000012  6000.14922  0.325  0.307 4.678  0.000   -  
OGLE-SMC-RRLYR-2082  19.371 19.780  0.2824670 0.0000018  6000.24863  0.180  0.000   -    0.000   -  
OGLE-SMC-RRLYR-2088  18.909 19.300  0.3425800 0.0000013  6000.17033  0.372  0.232 4.632  0.000   -  
OGLE-SMC-RRLYR-2098  19.229 19.666  0.3521598 0.0000011  6000.26804  0.337  0.147 4.902  0.000   -  
OGLE-SMC-RRLYR-2110  19.387 19.908  0.3194597 0.0000010  6000.02864  0.371  0.233 4.784  0.088   -  
OGLE-SMC-RRLYR-2116  19.290 19.636  0.2981060 0.0000023  6000.14452  0.132  0.000   -    0.000   -  
OGLE-SMC-RRLYR-2133  19.098 19.586  0.3512227 0.0000012  6000.27205  0.329  0.272 5.009  0.140 3.306
OGLE-SMC-RRLYR-2140  19.049 19.544  0.3133446 0.0000011  6000.25738  0.252  0.000   -    0.000   -  
OGLE-SMC-RRLYR-2141  19.487 19.971  0.2988585 0.0000014  6000.16119  0.261  0.157 4.685  0.000   -  
OGLE-SMC-RRLYR-2164  19.606 20.272  0.3391595 0.0000036  6000.18527  0.269  0.000   -    0.000   -  
OGLE-SMC-RRLYR-2192  19.355 19.782  0.3185301 0.0000013  6000.23945  0.245  0.000   -    0.000   -  
OGLE-SMC-RRLYR-2197  19.307 19.824  0.3562303 0.0000018  6000.18804  0.280  0.162 5.272  0.000   -  
OGLE-SMC-RRLYR-2206  19.202 19.653  0.3031507 0.0000009  6000.19222  0.265  0.192 4.542  0.123 3.588
OGLE-SMC-RRLYR-2209  19.625 20.201  0.3219917 0.0000010  6000.09864  0.393  0.222 5.036  0.000   -  
OGLE-SMC-RRLYR-2222  19.435 19.924  0.3281517 0.0000015  6000.00458  0.224  0.000   -    0.108   -  
OGLE-SMC-RRLYR-2229  19.023 19.608  0.3788883 0.0000012  6000.18478  0.283  0.259 5.023  0.000   -  
OGLE-SMC-RRLYR-2234  19.136 19.598  0.3579189 0.0000010  6000.18473  0.311  0.164 4.834  0.125 3.433
OGLE-SMC-RRLYR-2240  19.161 19.600  0.3429572 0.0000009  6000.14757  0.316  0.154 4.784  0.099 3.018
OGLE-SMC-RRLYR-2256  19.441 19.954  0.3532010 0.0000015  6000.32848  0.335  0.222 4.831  0.000   -  
OGLE-SMC-RRLYR-2265  19.196 19.698  0.3577167 0.0000013  6000.08199  0.269  0.148 4.629  0.140 3.431
OGLE-SMC-RRLYR-2266  19.081 19.478  0.3174639 0.0000013  6000.06663  0.265  0.078 5.064  0.000   -  
OGLE-SMC-RRLYR-2276  18.813 19.193  0.3335963 0.0000006  6000.06279  0.391  0.322 4.422  0.072 2.700
OGLE-SMC-RRLYR-2284  19.212 19.818  0.3927823 0.0000018  6000.31775  0.255  0.244 5.226  0.000   -  
OGLE-SMC-RRLYR-2292  19.484 20.105  0.3307389 0.0000017  6000.12636  0.246  0.117   -    0.000   -  
OGLE-SMC-RRLYR-2309  19.196 19.707  0.3638444 0.0000012  6000.14447  0.272  0.138 4.965  0.000   -  
OGLE-SMC-RRLYR-2330  19.531    -    0.2976111 0.0000009  6000.25948  0.249  0.000   -    0.000   -  
OGLE-SMC-RRLYR-2344  19.220 19.853  0.3316850 0.0000015  6000.10559  0.399  0.237 4.642  0.000   -  
OGLE-SMC-RRLYR-2345  19.437 19.942  0.3571169 0.0000010  6000.09320  0.338  0.266 4.641  0.173 3.068
OGLE-SMC-RRLYR-2363  19.009 19.498  0.4190734 0.0000020  6000.20218  0.234  0.000   -    0.000   -  
OGLE-SMC-RRLYR-2368  18.888    -    0.3830262 0.0000043  6000.23930  0.301  0.148   -    0.000   -  
OGLE-SMC-RRLYR-2369  18.861 19.237  0.3183608 0.0000016  6000.14834  0.198  0.227 4.420  0.124 1.552
OGLE-SMC-RRLYR-2382  19.181 19.754  0.3797818 0.0000014  6000.33540  0.281  0.110 5.360  0.000   -  
OGLE-SMC-RRLYR-2404  19.419 19.871  0.3130358 0.0000010  6000.11157  0.276  0.165 4.688  0.000   -  
OGLE-SMC-RRLYR-2407  18.988 19.431  0.3602254 0.0000011  6000.09618  0.270  0.160 4.966  0.094 3.325
OGLE-SMC-RRLYR-2428  12.897 13.252  0.3163284 0.0000004  6000.31207  0.198  0.097 4.881  0.030 3.386
OGLE-SMC-RRLYR-2438  19.189 19.627  0.3863988 0.0000020  6000.35036  0.212  0.000   -    0.113 5.739
OGLE-SMC-RRLYR-2442  19.424 19.950  0.3393616 0.0000011  6000.06727  0.354  0.216 4.631  0.180 2.485
OGLE-SMC-RRLYR-2444  18.955 19.437  0.3620557 0.0000010  6000.04731  0.270  0.163 5.157  0.107 3.244
OGLE-SMC-RRLYR-2448  19.138 19.499  0.2997866 0.0000008  6000.03168  0.371  0.282 4.673  0.071 2.149
OGLE-SMC-RRLYR-2456  18.785 19.273  0.3861897 0.0000012  6000.31866  0.268  0.156 4.895  0.078 3.651
OGLE-SMC-RRLYR-2468  19.269    -    0.3048405 0.0000006  6000.29781  0.252  0.572 4.337  0.000   -  
OGLE-SMC-RRLYR-2469  18.818 19.238  0.3472744 0.0000011  6000.09433  0.332  0.233 5.023  0.100 3.352
OGLE-SMC-RRLYR-2471  18.870 19.413  0.4106234 0.0000013  6000.40029  0.288  0.217 5.003  0.095 3.381
OGLE-SMC-RRLYR-2478  15.057 15.553  0.3472399 0.0000010  6000.30306  0.276  0.088 5.248  0.082 3.906
OGLE-SMC-RRLYR-2480  14.874 15.668  0.3525400 0.0000010  6000.17161  0.260  0.083 5.188  0.054 4.688
OGLE-SMC-RRLYR-2484  14.583 14.953  0.2794315 0.0000006  6000.16765  0.299  0.162 4.675  0.040 2.919
OGLE-SMC-RRLYR-2495  16.117 16.495  0.2877699 0.0000008  6000.26965  0.334  0.241 4.740  0.089 2.866
OGLE-SMC-RRLYR-2514  18.330 18.832  0.3508575 0.0000022  6000.14371  0.248  0.000   -    0.000   -  
OGLE-SMC-RRLYR-2516  18.524 18.958  0.4197101 0.0000093  6000.27865  0.253  0.284 5.722  0.000   -  
OGLE-SMC-RRLYR-2517  14.511 14.970  0.3910506 0.0000028  6000.25362  0.297  0.098 5.121  0.106 4.116
OGLE-SMC-RRLYR-2523  14.740 15.156  0.3800231 0.0000028  6000.25260  0.233  0.070 5.312  0.079 3.749
OGLE-SMC-RRLYR-2524  19.240 19.641  0.3121753 0.0000022  6000.05877  0.398  0.207 4.586  0.000   -  
OGLE-SMC-RRLYR-2527  16.027 16.564  0.2848277 0.0000010  6000.10733  0.328  0.247 4.835  0.084 3.503
OGLE-SMC-RRLYR-2529  15.024 15.397  0.3499553 0.0000010  6000.17035  0.352  0.236 4.679  0.090 2.378
OGLE-SMC-RRLYR-2533  15.065 15.558  0.3477810 0.0000010  6000.07247  0.245  0.111 4.955  0.094 3.508
OGLE-SMC-RRLYR-2535  18.999 19.573  0.3530232 0.0000034  6000.20461  0.308  0.216 4.197  0.000   -  
OGLE-SMC-RRLYR-2536  14.831 15.328  0.3311119 0.0000011  6000.22596  0.263  0.044 4.876  0.029 4.459
OGLE-SMC-RRLYR-2538  19.127 19.648  0.3853364 0.0000026  6000.13000  0.322  0.188 5.176  0.000   -  
OGLE-SMC-RRLYR-2552  18.610 19.153  0.3581128 0.0000042  6000.09495  0.294  0.142 4.532  0.000   -  
OGLE-SMC-RRLYR-2559  16.335 16.980  0.4054435 0.0000048  6000.28761  0.253  0.207 4.600  0.051 3.181
OGLE-SMC-RRLYR-2565  17.402 17.931  0.3542175 0.0000024  6000.19457  0.268  0.164 5.142  0.075 5.225
OGLE-SMC-RRLYR-2568  16.875 17.242  0.3060294 0.0000009  6000.22801  0.307  0.171 4.689  0.072 3.488
OGLE-SMC-RRLYR-2572  18.769 19.143  0.3042720 0.0000017  6000.10576  0.407  0.326 4.453  0.000   -  
OGLE-SMC-RRLYR-2577  19.198 19.577  0.3160881 0.0000051  6000.25494  0.336  0.341 4.527  0.000   -  
OGLE-SMC-RRLYR-2584  15.760 16.102  0.2917027 0.0000008  6000.05973  0.257  0.172 4.847  0.057 4.339
OGLE-SMC-RRLYR-2589  16.733 17.183  0.3798849 0.0000013  6000.00865  0.281  0.156 4.963  0.061 4.087
OGLE-SMC-RRLYR-2594  13.486 13.995  0.3945884 0.0000017  6000.09251  0.232  0.034 0.652  0.068 4.094
OGLE-SMC-RRLYR-2600  17.003 17.195  0.2891078 0.0000013  6000.04074  0.393  0.173 4.728  0.072 3.062
OGLE-SMC-RRLYR-2603  14.031 14.452  0.3023547 0.0000005  6000.27253  0.311  0.179 4.753  0.102 3.104
OGLE-SMC-RRLYR-2610  19.071 19.595  0.3776223 0.0000053  6000.22815  0.311  0.000   -    0.000   -  
OGLE-SMC-RRLYR-2621  12.381 12.793  0.3263471 0.0000013  6000.30799  0.249  0.169 4.382  0.087 3.214
OGLE-SMC-RRLYR-2628  19.284 19.718  0.3714263 0.0000049  6000.32807  0.305  0.000   -    0.000   -  
OGLE-SMC-RRLYR-2629  15.253 15.706  0.4053623 0.0000023  6000.03165  0.286  0.114 5.026  0.075 4.216
OGLE-SMC-RRLYR-2630  19.128 19.636  0.3686168 0.0000050  6000.26067  0.279  0.251 5.158  0.000   -  
OGLE-SMC-RRLYR-2632  15.614 15.975  0.3160894 0.0000005  6000.13148  0.349  0.267 4.698  0.114 2.732
OGLE-SMC-RRLYR-2634  16.807 17.256  0.3686742 0.0000035  6000.23346  0.277  0.151 5.835  0.090 5.808
OGLE-SMC-RRLYR-2645  17.355 17.826  0.3201162 0.0000019  6000.17932  0.422  0.323 4.605  0.127 2.380
OGLE-SMC-RRLYR-2652  19.064 19.575  0.3681630 0.0000044  6000.01071  0.328  0.235 4.730  0.000   -  
OGLE-SMC-RRLYR-2653  18.765 19.232  0.3869050 0.0000036  6000.33123  0.343  0.233 4.753  0.000   -  
OGLE-SMC-RRLYR-2658  16.628    -    0.2862492 0.0000066  6000.07931  0.368  0.261 4.743  0.068 3.481
OGLE-SMC-RRLYR-2666  19.511 19.931  0.3136255 0.0000030  6000.03016  0.352  0.228 4.589  0.000   -  
OGLE-SMC-RRLYR-2672  16.812 17.248  0.3740781 0.0000009  6000.23151  0.300  0.197 4.818  0.088 2.936
OGLE-SMC-RRLYR-2678  15.582 16.025  0.3753074 0.0000014  6000.17006  0.267  0.096 4.885  0.027 4.337
OGLE-SMC-RRLYR-2702  14.501 14.810  0.2748045 0.0000006  6000.00704  0.291  0.181 4.810  0.087 2.800
OGLE-SMC-RRLYR-2710  16.929 17.355  0.3469073 0.0000024  6000.07721  0.303  0.076 4.805  0.132 4.531
OGLE-SMC-RRLYR-2714  19.175 19.648  0.3623266 0.0000047  6000.18100  0.237  0.000   -    0.000   -  
OGLE-SMC-RRLYR-2716  19.087 19.580  0.3538430 0.0000011  6000.12590  0.289  0.209 5.145  0.093 3.261
OGLE-SMC-RRLYR-2720  19.242 19.685  0.3609538 0.0000049  6000.21895  0.267  0.000   -    0.000   -  
OGLE-SMC-RRLYR-2723  19.084 19.558  0.3495781 0.0000043  6000.33912  0.375  0.202 4.406  0.226 2.744
OGLE-SMC-RRLYR-2736  18.848 19.304  0.3748096 0.0000034  6000.08699  0.296  0.146 6.102  0.000   -  
OGLE-SMC-RRLYR-2744  15.654 16.167  0.3895053 0.0000037  6000.25228  0.266  0.137 5.138  0.092 3.217
OGLE-SMC-RRLYR-2751  19.388 19.885  0.3172571 0.0000035  6000.08096  0.372  0.238 4.479  0.000   -  
OGLE-SMC-RRLYR-2760  18.957 19.494  0.3799983 0.0000035  6000.30776  0.281  0.227 5.372  0.000   -  
OGLE-SMC-RRLYR-2783  16.002 16.467  0.3372283 0.0000012  6000.00661  0.236  0.098 4.939  0.039 4.235
OGLE-SMC-RRLYR-2792  16.923 17.415  0.3333634 0.0000012  6000.27619  0.260  0.100 4.690  0.091 3.932
OGLE-SMC-RRLYR-2797  19.273 19.562  0.2909849 0.0000015  6000.13637  0.321  0.280 4.596  0.000   -  
OGLE-SMC-RRLYR-2820  18.835 19.162  0.2929811 0.0000028  6000.27870  0.240  0.000   -    0.000   -  
OGLE-SMC-RRLYR-2830  19.204 19.779  0.3730968 0.0000033  6000.16483  0.410  0.377 4.214  0.226 2.411
OGLE-SMC-RRLYR-2837  19.016 19.502  0.4191947 0.0000029  6000.03402  0.215  0.129 6.086  0.000   -  
OGLE-SMC-RRLYR-2845  16.909 17.410  0.3439719 0.0000022  6000.07754  0.268  0.148 4.582  0.081 3.423
OGLE-SMC-RRLYR-2846  18.931 19.380  0.3784808 0.0000012  6000.30416  0.274  0.107 5.172  0.124 3.844
OGLE-SMC-RRLYR-2864  17.036 17.474  0.3637382 0.0000004  6000.23940  0.269  0.162 4.690  0.080 3.318
OGLE-SMC-RRLYR-2866  18.923 19.392  0.3650840 0.0000013  6000.02923  0.261  0.138 5.103  0.078 3.630
OGLE-SMC-RRLYR-2874  19.458 19.943  0.3504033 0.0000015  6000.03139  0.315  0.155 4.912  0.111 2.540
OGLE-SMC-RRLYR-2881  16.818 17.333  0.3680744 0.0000016  6000.09861  0.295  0.172 5.043  0.053 5.545
OGLE-SMC-RRLYR-2883  19.158 19.545  0.3224011 0.0000016  6000.24357  0.332  0.215 4.882  0.087 4.154
OGLE-SMC-RRLYR-2901  17.641 18.160  0.3858385 0.0000016  6000.38265  0.300  0.174 4.916  0.093 3.320
OGLE-SMC-RRLYR-2902  19.420 19.765  0.3135554 0.0000015  6000.08294  0.301  0.201 4.616  0.000   -  
OGLE-SMC-RRLYR-2909  18.923 19.373  0.3891625 0.0000011  6000.25973  0.277  0.138 5.486  0.000   -  
OGLE-SMC-RRLYR-2916  19.324 19.719  0.3273727 0.0000009  6000.04167  0.393  0.323 4.849  0.136 2.852
OGLE-SMC-RRLYR-2917  19.090 19.613  0.3294904 0.0000024  6000.08089  0.386  0.263 4.097  0.000   -  
OGLE-SMC-RRLYR-2928  19.187 19.566  0.3419887 0.0000018  6000.33498  0.195  0.000   -    0.000   -  
OGLE-SMC-RRLYR-2931  18.911 19.322  0.3824350 0.0000046  6000.33769  0.298  0.184 4.742  0.000   -  
OGLE-SMC-RRLYR-2939  19.180 19.672  0.3584590 0.0000014  6000.26250  0.259  0.135 4.205  0.000   -  
OGLE-SMC-RRLYR-2943  19.302 19.801  0.3492367 0.0000010  6000.26005  0.325  0.154 4.631  0.090 3.334
OGLE-SMC-RRLYR-2947  19.297 19.682  0.3512792 0.0000021  6000.13953  0.337  0.125 4.981  0.000   -  
OGLE-SMC-RRLYR-2957  19.097 19.597  0.3657320 0.0000010  6000.22484  0.335  0.212 4.837  0.000   -  
OGLE-SMC-RRLYR-2958  19.207 19.633  0.3303581 0.0000006  6000.16808  0.378  0.310 4.628  0.081 2.581
OGLE-SMC-RRLYR-2963  19.315 19.714  0.3048324 0.0000028  6000.07623  0.320  0.302 4.274  0.000   -  
OGLE-SMC-RRLYR-2972  19.424 19.900  0.3244504 0.0000010  6000.25847  0.270  0.230 5.384  0.000   -  
OGLE-SMC-RRLYR-2975  19.021 19.493  0.3719514 0.0000023  6000.01488  0.260  0.160 4.749  0.000   -  
OGLE-SMC-RRLYR-2989  19.446 19.901  0.3629452 0.0000013  6000.33659  0.266  0.000   -    0.000   -  
OGLE-SMC-RRLYR-3004  19.230 19.611  0.3348570 0.0000010  6000.02515  0.384  0.215 4.719  0.077 3.114
OGLE-SMC-RRLYR-3009  19.238 19.724  0.3688172 0.0000016  6000.33031  0.257  0.115 5.100  0.147 3.877
OGLE-SMC-RRLYR-3011  17.777 18.076  0.2718203 0.0000003  6000.03243  0.311  0.224 4.681  0.074 2.930
OGLE-SMC-RRLYR-3020  19.126 19.550  0.3456850 0.0000010  6000.32034  0.311  0.134 5.003  0.108 3.438
OGLE-SMC-RRLYR-3029  19.291 19.782  0.3577171 0.0000042  6000.35379  0.281  0.000   -    0.000   -  
OGLE-SMC-RRLYR-3065  19.347 19.800  0.3315545 0.0000010  6000.29490  0.342  0.216 4.692  0.000   -  
OGLE-SMC-RRLYR-3082  15.486 15.708  0.2607281 0.0000003  6000.24627  0.316  0.203 4.626  0.063 2.219
OGLE-SMC-RRLYR-3084  19.217 19.668  0.3663718 0.0000014  6000.30684  0.292  0.160 5.026  0.119 2.850
OGLE-SMC-RRLYR-3095  19.118 19.626  0.3608409 0.0000014  6000.07593  0.305  0.171 4.113  0.097 2.962
OGLE-SMC-RRLYR-3106  19.586 19.973  0.2939706 0.0000015  6000.28895  0.244  0.129 4.807  0.000   -  
OGLE-SMC-RRLYR-3116  16.730 17.168  0.4172071 0.0000024  6000.35036  0.335  0.220 4.823  0.097 2.908
OGLE-SMC-RRLYR-3119  19.195 19.632  0.3945746 0.0000020  6000.37603  0.236  0.000   -    0.117 4.301
OGLE-SMC-RRLYR-3136  19.098 19.491  0.3610766 0.0000013  6000.23238  0.290  0.138 4.870  0.113 3.597
OGLE-SMC-RRLYR-3138  19.234 19.724  0.3663657 0.0000015  6000.27983  0.260  0.153 4.977  0.000   -  
OGLE-SMC-RRLYR-3140  19.333 19.823  0.3421735 0.0000010  6000.21513  0.306  0.195 4.614  0.089 3.184
OGLE-SMC-RRLYR-3174  19.269 19.734  0.3598905 0.0000013  6000.16398  0.305  0.195 4.873  0.000   -  
OGLE-SMC-RRLYR-3184  19.051 19.381  0.2946889 0.0000007  6000.12273  0.356  0.307 4.683  0.000   -  
OGLE-SMC-RRLYR-3197  19.219 19.660  0.3584945 0.0000014  6000.08387  0.253  0.143 4.693  0.098 3.286
OGLE-SMC-RRLYR-3210  19.523 19.952  0.3344489 0.0000012  6000.22373  0.333  0.173 4.703  0.105 3.015
OGLE-SMC-RRLYR-3213  18.918 19.367  0.3510249 0.0000031  6000.32456  0.336  0.115 5.279  0.000   -  
OGLE-SMC-RRLYR-3216  19.207 19.682  0.3698097 0.0000015  6000.17885  0.307  0.153 4.804  0.000   -  
OGLE-SMC-RRLYR-3247  19.697 20.163  0.3111176 0.0000015  6000.03110  0.267  0.000   -    0.000   -  
OGLE-SMC-RRLYR-3248  19.023 19.462  0.3647392 0.0000010  6000.30292  0.297  0.155 4.712  0.105 3.425
OGLE-SMC-RRLYR-3259  19.007 19.416  0.3143570 0.0000013  6000.27937  0.293  0.237 4.368  0.000   -  
OGLE-SMC-RRLYR-3274  19.221 19.605  0.4094639 0.0000018  6000.02763  0.309  0.000   -    0.098 4.773
OGLE-SMC-RRLYR-3278  19.163 19.593  0.3370531 0.0000011  6000.13458  0.308  0.179 5.211  0.000   -  
OGLE-SMC-RRLYR-3281  19.377 19.843  0.3591265 0.0000018  6000.34982  0.294  0.204 4.632  0.126 3.130
OGLE-SMC-RRLYR-3299  19.164 19.649  0.3673996 0.0000013  6000.22238  0.282  0.165 4.857  0.000   -  
OGLE-SMC-RRLYR-3303  19.368 19.763  0.3472502 0.0000012  6000.34301  0.308  0.167 4.479  0.112 3.049
OGLE-SMC-RRLYR-3308  19.147 19.575  0.3610852 0.0000021  6000.29874  0.249  0.000   -    0.118 1.760
OGLE-SMC-RRLYR-3314  19.145 19.579  0.3520201 0.0000013  6000.13332  0.332  0.132 4.756  0.000   -  
OGLE-SMC-RRLYR-3316  19.193 19.699  0.4242083 0.0000015  6000.22726  0.266  0.147 6.126  0.145 4.244
OGLE-SMC-RRLYR-3317  13.566 13.973  0.3715575 0.0000006  6000.28948  0.269  0.060 4.202  0.048 4.106
OGLE-SMC-RRLYR-3334  18.940 19.357  0.3236870 0.0000023  6000.23488  0.348  0.272 4.685  0.000   -  
OGLE-SMC-RRLYR-3342  15.541 16.001  0.3792270 0.0000005  6000.15752  0.298  0.128 5.168  0.062 4.230
OGLE-SMC-RRLYR-3344  19.244 19.667  0.3387424 0.0000009  6000.33291  0.286  0.117 4.655  0.081 3.034
OGLE-SMC-RRLYR-3356  19.213 19.648  0.3612380 0.0000012  6000.15171  0.330  0.164 5.002  0.096 3.450
OGLE-SMC-RRLYR-3376  19.462 19.811  0.3011031 0.0000019  6000.04844  0.199  0.279 4.677  0.000   -  
OGLE-SMC-RRLYR-3392  19.220 19.716  0.3687557 0.0000013  6000.10676  0.326  0.191 4.435  0.000   -  
OGLE-SMC-RRLYR-3395  19.166 19.616  0.3422826 0.0000009  6000.34057  0.373  0.283 4.717  0.089 3.396
OGLE-SMC-RRLYR-3398  19.240 19.796  0.3697602 0.0000017  6000.08941  0.257  0.143 5.196  0.000   -  
OGLE-SMC-RRLYR-3401  19.179 19.598  0.3635980 0.0000013  6000.13014  0.297  0.166 4.668  0.126 2.878
OGLE-SMC-RRLYR-3408  19.024 19.388  0.3966509 0.0000035  6000.35701  0.413  0.204 5.053  0.131 3.099
OGLE-SMC-RRLYR-3418  19.073 19.574  0.3829489 0.0000014  6000.00816  0.301  0.161 5.158  0.000   -  
OGLE-SMC-RRLYR-3420  19.142 19.665  0.4076024 0.0000019  6000.38518  0.284  0.152 5.110  0.090 3.673
OGLE-SMC-RRLYR-3422  19.148 19.665  0.4603065 0.0000026  6000.16491  0.235  0.143 5.198  0.138 3.383
OGLE-SMC-RRLYR-3425  19.008 19.442  0.3463489 0.0000008  6000.10380  0.373  0.212 4.851  0.114 2.495
OGLE-SMC-RRLYR-3427  19.214 19.649  0.3663219 0.0000014  6000.03665  0.325  0.133 4.741  0.000   -  
OGLE-SMC-RRLYR-3436  19.137 19.577  0.3093804 0.0000006  6000.22013  0.352  0.282 4.446  0.113 2.877
OGLE-SMC-RRLYR-3437  19.218 19.669  0.3555331 0.0000013  6000.14038  0.315  0.173 4.744  0.000   -  
OGLE-SMC-RRLYR-3439  19.044 19.449  0.3579246 0.0000010  6000.11209  0.354  0.165 4.648  0.071 2.849
OGLE-SMC-RRLYR-3443  19.038 19.541  0.3604100 0.0000010  6000.13912  0.325  0.189 4.664  0.090 3.115
OGLE-SMC-RRLYR-3450  19.295 19.740  0.3386778 0.0000011  6000.06228  0.314  0.193 4.662  0.099 3.197
OGLE-SMC-RRLYR-3459  19.296 19.752  0.3621585 0.0000015  6000.34938  0.294  0.186 5.022  0.000   -  
OGLE-SMC-RRLYR-3462  19.130 19.611  0.3790137 0.0000015  6000.12637  0.299  0.164 5.281  0.000   -  
OGLE-SMC-RRLYR-3473  19.064 19.523  0.3755408 0.0000030  6000.09605  0.284  0.151 4.537  0.000   -  
OGLE-SMC-RRLYR-3494  19.195 19.718  0.3704926 0.0000015  6000.23105  0.288  0.213 4.948  0.000   -  
OGLE-SMC-RRLYR-3501  19.156 19.545  0.3248263 0.0000009  6000.28255  0.333  0.228 4.425  0.000   -  
OGLE-SMC-RRLYR-3504  17.044 17.446  0.3300776 0.0000002  6000.28945  0.294  0.154 4.801  0.085 3.220
OGLE-SMC-RRLYR-3513  19.312 19.746  0.3370946 0.0000010  6000.21742  0.309  0.101 5.254  0.102 2.700
OGLE-SMC-RRLYR-3514  19.355 19.715  0.2911332 0.0000008  6000.03370  0.314  0.189 4.377  0.000   -  
OGLE-SMC-RRLYR-3517  19.281 19.679  0.3133117 0.0000010  6000.09096  0.263  0.150 4.866  0.102 3.376
OGLE-SMC-RRLYR-3519  19.206 19.665  0.3579161 0.0000011  6000.01698  0.273  0.126 5.280  0.093 3.182
OGLE-SMC-RRLYR-3530  19.052 19.529  0.4076889 0.0000019  6000.24495  0.319  0.230 4.745  0.000   -  
OGLE-SMC-RRLYR-3534  19.116 19.665  0.3754719 0.0000034  6000.19519  0.365  0.167 4.701  0.000   -  
OGLE-SMC-RRLYR-3536  19.172 19.672  0.3753519 0.0000023  6000.16049  0.282  0.196 4.729  0.000   -  
OGLE-SMC-RRLYR-3540  19.355 19.781  0.3231110 0.0000014  6000.05011  0.277  0.143 5.386  0.000   -  
OGLE-SMC-RRLYR-3543  18.937 19.472  0.3826496 0.0000055  6000.12299  0.273  0.215 4.879  0.000   -  
OGLE-SMC-RRLYR-3561  19.199 19.682  0.3707021 0.0000012  6000.07576  0.299  0.137 4.563  0.117 2.627
OGLE-SMC-RRLYR-3571  19.235 19.705  0.3607386 0.0000015  6000.30290  0.268  0.146 4.927  0.000   -  
OGLE-SMC-RRLYR-3598  19.151 19.594  0.3138476 0.0000024  6000.20873  0.341  0.277 4.811  0.000   -  
OGLE-SMC-RRLYR-3613  18.947 19.390  0.3427186 0.0000008  6000.09604  0.321  0.158 4.987  0.080 3.572
OGLE-SMC-RRLYR-3617  19.269 19.671  0.3167939 0.0000008  6000.08591  0.389  0.322 4.439  0.111 1.884
OGLE-SMC-RRLYR-3635  18.959 19.428  0.3371816 0.0000008  6000.31527  0.334  0.166 4.853  0.090 2.816
OGLE-SMC-RRLYR-3651  20.002 22.068  0.3201382 0.0000077  6000.29680  0.181  0.000   -    0.000   -  
OGLE-SMC-RRLYR-3659  18.936 19.429  0.3854393 0.0000012  6000.00527  0.270  0.170 5.080  0.000   -  
OGLE-SMC-RRLYR-3661  19.205 19.709  0.3684745 0.0000018  6000.11865  0.282  0.000   -    0.000   -  
OGLE-SMC-RRLYR-3674  19.153 19.670  0.4352741 0.0000029  6000.08063  0.254  0.161 5.479  0.112 4.055
OGLE-SMC-RRLYR-3678  19.146 19.568  0.3577080 0.0000022  6000.19800  0.266  0.151 4.019  0.184 2.162
OGLE-SMC-RRLYR-3682  19.419 19.872  0.3578537 0.0000016  6000.12582  0.291  0.143 5.150  0.000   -  
OGLE-SMC-RRLYR-3688  19.524 19.959  0.3068337 0.0000013  6000.11138  0.233  0.000   -    0.000   -  
OGLE-SMC-RRLYR-3689  19.087 19.583  0.3765429 0.0000012  6000.36639  0.271  0.131 5.044  0.077 3.378
OGLE-SMC-RRLYR-3694  19.067 19.504  0.3605317 0.0000010  6000.13703  0.325  0.110 4.816  0.101 2.957
OGLE-SMC-RRLYR-3726  19.440 19.780  0.2955029 0.0000008  6000.26230  0.348  0.186 5.061  0.000   -  
OGLE-SMC-RRLYR-3727  16.433 16.882  0.3569396 0.0000003  6000.13132  0.264  0.098 5.207  0.074 4.220
OGLE-SMC-RRLYR-3729  19.377 19.749  0.3423630 0.0000012  6000.25976  0.357  0.191 4.937  0.000   -  
OGLE-SMC-RRLYR-3748  19.110 19.477  0.3087899 0.0000006  6000.26953  0.405  0.328 4.544  0.118 2.481
OGLE-SMC-RRLYR-3754  19.288 19.745  0.3515789 0.0000012  6000.25855  0.297  0.168 4.735  0.114 2.886
OGLE-SMC-RRLYR-3756  19.139 19.609  0.3759389 0.0000012  6000.21674  0.282  0.129 4.991  0.090 3.668
OGLE-SMC-RRLYR-3758  19.126 19.622  0.3623392 0.0000013  6000.07955  0.266  0.095 4.900  0.089 4.274
OGLE-SMC-RRLYR-3769  19.044 19.366  0.3020058 0.0000024  6000.02685  0.335  0.237 4.878  0.000   -  
OGLE-SMC-RRLYR-3772  19.304 19.758  0.3649931 0.0000021  6000.03629  0.259  0.000   -    0.122 4.395
OGLE-SMC-RRLYR-3776  19.064 19.499  0.3768613 0.0000011  6000.08665  0.282  0.172 5.047  0.088 3.507
OGLE-SMC-RRLYR-3791  19.271 19.731  0.3410339 0.0000012  6000.22621  0.291  0.164 5.006  0.085 3.050
OGLE-SMC-RRLYR-3799  17.007 17.423  0.3310868 0.0000013  6000.29519  0.264  0.103 4.920  0.098 4.098
OGLE-SMC-RRLYR-3805  19.098 19.575  0.3911658 0.0000010  6000.23441  0.368  0.227 4.641  0.117 2.588
OGLE-SMC-RRLYR-3813  19.374 19.799  0.3599326 0.0000015  6000.10961  0.298  0.174 5.038  0.000   -  
OGLE-SMC-RRLYR-3814  19.218 19.652  0.3612305 0.0000017  6000.05451  0.276  0.193 5.499  0.000   -  
OGLE-SMC-RRLYR-3819  13.868 14.125  0.3177870 0.0000009  6000.00335  0.313  0.161 4.705  0.043 3.211
OGLE-SMC-RRLYR-3836  19.294 19.722  0.3395243 0.0000009  6000.23863  0.345  0.218 4.944  0.000   -  
OGLE-SMC-RRLYR-3837  19.594 19.943  0.3591348 0.0000012  6000.03778  0.382  0.223 4.734  0.094 3.328
OGLE-SMC-RRLYR-3840  18.931 19.401  0.3972308 0.0000047  6000.30540  0.272  0.000   -    0.216 4.362
OGLE-SMC-RRLYR-3849  19.375 19.874  0.3509976 0.0000033  6000.26737  0.339  0.212 4.405  0.000   -  
OGLE-SMC-RRLYR-3852  19.172 19.657  0.3422433 0.0000046  6000.06401  0.337  0.207 5.323  0.000   -  
OGLE-SMC-RRLYR-3856  19.190 19.690  0.3627701 0.0000014  6000.07605  0.291  0.133 5.353  0.000   -  
OGLE-SMC-RRLYR-3864  15.596 15.918  0.2996760 0.0000004  6000.00619  0.285  0.164 4.701  0.082 3.454
OGLE-SMC-RRLYR-3872  18.939 19.361  0.3480043 0.0000008  6000.29526  0.391  0.248 4.797  0.112 2.358
OGLE-SMC-RRLYR-3891  19.078 19.575  0.3676673 0.0000014  6000.03340  0.270  0.154 5.051  0.000   -  
OGLE-SMC-RRLYR-3892  19.362 19.860  0.3620984 0.0000017  6000.28536  0.338  0.121 5.504  0.000   -  
OGLE-SMC-RRLYR-3901  19.113 19.562  0.3548880 0.0000011  6000.25403  0.302  0.167 4.935  0.104 2.974
OGLE-SMC-RRLYR-3906  18.861 19.321  0.3765962 0.0000010  6000.02001  0.302  0.117 5.070  0.000   -  
OGLE-SMC-RRLYR-3913  19.687 20.158  0.3035970 0.0000013  6000.21631  0.244  0.000   -    0.165 3.361
OGLE-SMC-RRLYR-3915  19.425 19.836  0.3393223 0.0000012  6000.03286  0.315  0.154 4.883  0.088 3.069
OGLE-SMC-RRLYR-3930  19.283 19.654  0.3082399 0.0000009  6000.19695  0.335  0.132 4.951  0.000   -  
OGLE-SMC-RRLYR-3949  19.528 19.900  0.2697179 0.0000007  6000.05462  0.320  0.205 4.668  0.000   -  
OGLE-SMC-RRLYR-3953  18.924 19.378  0.4073958 0.0000010  6000.33150  0.333  0.160 4.875  0.062 3.208
OGLE-SMC-RRLYR-3965  19.154 19.589  0.3421832 0.0000008  6000.06866  0.359  0.197 4.925  0.070 2.893
OGLE-SMC-RRLYR-3974  15.996 16.393  0.3187709 0.0000003  6000.07469  0.283  0.145 4.872  0.071 3.441
OGLE-SMC-RRLYR-3980  19.247 19.692  0.3792614 0.0000014  6000.22865  0.302  0.129 5.866  0.000   -  
OGLE-SMC-RRLYR-3995  19.351 19.800  0.3217217 0.0000013  6000.07817  0.251  0.118 5.345  0.000   -  
OGLE-SMC-RRLYR-3996  13.640 14.034  0.4099716 0.0000017  6000.07225  0.270  0.106 5.272  0.124 4.913
OGLE-SMC-RRLYR-3997  17.482 17.795  0.3184867 0.0000018  6000.03113  0.330  0.191 4.778  0.103 3.158
OGLE-SMC-RRLYR-4000  19.124 19.634  0.3672911 0.0000014  6000.08303  0.275  0.140 5.014  0.094 3.793
OGLE-SMC-RRLYR-4003  18.848 19.423  0.4112615 0.0000078  6000.13190  0.267  0.270 4.541  0.236 2.879
OGLE-SMC-RRLYR-4005  17.940    -    0.3441679 0.0000016  6000.34042  0.296  0.148 5.019  0.143 3.016
OGLE-SMC-RRLYR-4011  19.382 19.750  0.3095249 0.0000025  6000.01213  0.399  0.211 4.441  0.000   -  
OGLE-SMC-RRLYR-4017  19.383 19.748  0.3068131 0.0000008  6000.22419  0.392  0.305 4.621  0.000   -  
OGLE-SMC-RRLYR-4038  19.175 19.652  0.3604446 0.0000014  6000.03630  0.262  0.131 4.895  0.000   -  
OGLE-SMC-RRLYR-4047  19.249 19.724  0.3369894 0.0000023  6000.13844  0.192  0.000   -    0.000   -  
OGLE-SMC-RRLYR-4103  19.626 20.071  0.2615030 0.0000010  6000.00938  0.297  0.244 4.630  0.000   -  
OGLE-SMC-RRLYR-4105  19.303 19.698  0.3369193 0.0000034  6000.18421  0.365  0.186 4.480  0.000   -  
OGLE-SMC-RRLYR-4110  19.261 19.623  0.3065858 0.0000006  6000.04598  0.390  0.313 4.648  0.100 2.765
OGLE-SMC-RRLYR-4117  19.005 19.402  0.3365846 0.0000032  6000.21814  0.423  0.249 4.246  0.000   -  
OGLE-SMC-RRLYR-4122  18.759 19.186  0.3525062 0.0000026  6000.17663  0.360  0.266 4.441  0.000   -  
OGLE-SMC-RRLYR-4141  19.142 19.654  0.3542400 0.0000021  6000.00996  0.357  0.212 5.032  0.000   -  
OGLE-SMC-RRLYR-4151  19.219 19.582  0.2851254 0.0000041  6000.04084  0.282  0.348 4.403  0.000   -  
OGLE-SMC-RRLYR-4160  19.137 19.586  0.3792600 0.0000014  6000.01221  0.278  0.171 4.695  0.108 4.127
OGLE-SMC-RRLYR-4161  19.060 19.402  0.3078572 0.0000006  6000.08493  0.357  0.322 4.353  0.109 2.218
OGLE-SMC-RRLYR-4175  19.326 19.657  0.2959518 0.0000008  6000.25808  0.378  0.294 4.361  0.000   -  
OGLE-SMC-RRLYR-4187  18.530 18.978  0.4667451 0.0000017  6000.32178  0.267  0.000   -    0.074 5.619
OGLE-SMC-RRLYR-4188  19.188 19.832  0.3496848 0.0000023  6000.11275  0.277  0.134 5.311  0.000   -  
OGLE-SMC-RRLYR-4193  19.146 19.593  0.3708587 0.0000011  6000.05873  0.298  0.172 4.817  0.111 3.379
OGLE-SMC-RRLYR-4205  19.360 19.752  0.3014737 0.0000008  6000.06308  0.347  0.297 4.703  0.000   -  
OGLE-SMC-RRLYR-4206  18.869 19.277  0.2905146 0.0000015  6000.22927  0.348  0.248 5.011  0.164 2.418
OGLE-SMC-RRLYR-4210  19.024 19.456  0.3722739 0.0000010  6000.09615  0.346  0.187 4.939  0.057 2.874
OGLE-SMC-RRLYR-4213  16.144 16.488  0.3190677 0.0000008  6000.24415  0.188  0.081 4.851  0.000   -  
OGLE-SMC-RRLYR-4223  18.865 19.272  0.3044902 0.0000009  6000.16951  0.231  0.000   -    0.000   -  
OGLE-SMC-RRLYR-4228  19.364 19.760  0.3206827 0.0000010  6000.16932  0.227  0.137 4.711  0.156 3.910
OGLE-SMC-RRLYR-4230  18.997 19.543  0.3793201 0.0000038  6000.25202  0.352  0.199 4.752  0.159 3.992
OGLE-SMC-RRLYR-4233  19.245 19.668  0.3458530 0.0000012  6000.00823  0.297  0.113 4.620  0.120 2.717
OGLE-SMC-RRLYR-4282  18.686 18.978  0.3959374 0.0000014  6000.27707  0.264  0.000   -    0.080 2.919
OGLE-SMC-RRLYR-4290  18.997 19.500  0.3796776 0.0000014  6000.08791  0.271  0.213 4.944  0.000   -  
OGLE-SMC-RRLYR-4300  19.053 19.565  0.3825249 0.0000015  6000.05844  0.251  0.120 4.812  0.117 3.303
OGLE-SMC-RRLYR-4327  16.017 16.315  0.2966760 0.0000016  6000.09320  0.165  0.129 4.675  0.067 1.208
OGLE-SMC-RRLYR-4345  19.155 19.553  0.3426904 0.0000009  6000.31121  0.342  0.184 4.792  0.069 3.344
OGLE-SMC-RRLYR-4346  19.193 19.683  0.3801694 0.0000017  6000.36519  0.289  0.172 5.270  0.000   -  
OGLE-SMC-RRLYR-4362  19.564 19.926  0.2641047 0.0000009  6000.10870  0.303  0.188 4.770  0.000   -  
OGLE-SMC-RRLYR-4373  19.360 19.772  0.3014466 0.0000016  6000.28836  0.193  0.000   -    0.000   -  
OGLE-SMC-RRLYR-4378  19.205 19.585  0.3408858 0.0000013  6000.05194  0.364  0.172 4.216  0.093 2.404
OGLE-SMC-RRLYR-4424  19.662 20.394  0.3769310 0.0000027  6000.20614  0.251  0.205 4.994  0.000   -  
OGLE-SMC-RRLYR-4427  16.040 16.520  0.3375801 0.0000002  6000.11246  0.247  0.108 4.963  0.066 4.052
OGLE-SMC-RRLYR-4428  19.396 19.911  0.3493752 0.0000022  6000.03531  0.239  0.000   -    0.000   -  
OGLE-SMC-RRLYR-4432  19.361 19.738  0.2938083 0.0000012  6000.08193  0.304  0.224 4.462  0.000   -  
OGLE-SMC-RRLYR-4434  19.156 19.675  0.4084837 0.0000021  6000.20767  0.253  0.000   -    0.000   -  
OGLE-SMC-RRLYR-4440  19.103 19.621  0.3726154 0.0000051  6000.21092  0.263  0.000   -    0.000   -  
OGLE-SMC-RRLYR-4443  19.334 19.792  0.3182172 0.0000011  6000.28306  0.373  0.223 4.845  0.000   -  
OGLE-SMC-RRLYR-4451  16.767 17.226  0.3458714 0.0000004  6000.32813  0.251  0.096 4.982  0.084 3.868
OGLE-SMC-RRLYR-4470  19.243 19.650  0.3413488 0.0000009  6000.20460  0.354  0.199 4.758  0.000   -  
OGLE-SMC-RRLYR-4471  18.986 19.512  0.4032730 0.0000040  6000.09775  0.314  0.289 5.197  0.000   -  
OGLE-SMC-RRLYR-4478  19.216 19.586  0.3428086 0.0000012  6000.16881  0.315  0.214 4.955  0.075 3.869
OGLE-SMC-RRLYR-4481  19.194 19.621  0.3464188 0.0000012  6000.26554  0.320  0.148 4.784  0.000   -  
OGLE-SMC-RRLYR-4513  19.075 19.500  0.3455871 0.0000008  6000.03523  0.340  0.185 4.527  0.097 2.865
OGLE-SMC-RRLYR-4524  19.507 20.027  0.3635598 0.0000020  6000.12538  0.265  0.000   -    0.000   -  
OGLE-SMC-RRLYR-4543  16.112 16.568  0.3540294 0.0000003  6000.09794  0.255  0.121 4.944  0.069 3.710
OGLE-SMC-RRLYR-4562  19.528 19.946  0.2950546 0.0000017  6000.10763  0.230  0.000   -    0.000   -  
OGLE-SMC-RRLYR-4573  19.183 19.693  0.3725637 0.0000013  6000.04372  0.274  0.126 4.839  0.000   -  
OGLE-SMC-RRLYR-4579  19.026 19.526  0.3724107 0.0000052  6000.25364  0.268  0.210 5.483  0.000   -  
OGLE-SMC-RRLYR-4582  19.074 19.494  0.2899044 0.0000009  6000.02808  0.266  0.152 5.152  0.000   -  
OGLE-SMC-RRLYR-4591  14.805 15.217  0.4202264 0.0000004  6000.28988  0.235  0.042 0.710  0.081 5.252
OGLE-SMC-RRLYR-4596  14.993 15.377  0.3332743 0.0000001  6000.08709  0.263  0.105 4.945  0.073 4.046
OGLE-SMC-RRLYR-4617  18.955 19.405  0.3665122 0.0000011  6000.25077  0.305  0.161 4.855  0.067 3.678
OGLE-SMC-RRLYR-4647  19.160 19.562  0.3397395 0.0000009  6000.10870  0.363  0.199 4.719  0.101 2.905
OGLE-SMC-RRLYR-4653  15.041 15.442  0.3425170 0.0000002  6000.06077  0.274  0.097 5.080  0.070 4.223
OGLE-SMC-RRLYR-4671  18.959 19.383  0.3289588 0.0000007  6000.31503  0.315  0.190 4.497  0.123 3.035
OGLE-SMC-RRLYR-4674  19.351 19.790  0.3193289 0.0000012  6000.03806  0.251  0.000   -    0.000   -  
OGLE-SMC-RRLYR-4680  19.115 19.557  0.3220817 0.0000011  6000.27952  0.248  0.000   -    0.107 4.194
OGLE-SMC-RRLYR-4698  19.052 19.526  0.3397456 0.0000009  6000.26828  0.328  0.197 4.747  0.089 2.988
OGLE-SMC-RRLYR-4699  18.868 19.302  0.3709965 0.0000032  6000.14391  0.308  0.213 4.386  0.193 2.642
OGLE-SMC-RRLYR-4703  19.073 19.532  0.3846027 0.0000035  6000.25661  0.286  0.156 5.235  0.189 2.999
OGLE-SMC-RRLYR-4706  19.313 19.833  0.3711433 0.0000012  6000.11216  0.329  0.186 4.884  0.000   -  
OGLE-SMC-RRLYR-4708  18.928 19.390  0.3642794 0.0000035  6000.21915  0.279  0.000   -    0.000   -  
OGLE-SMC-RRLYR-4718  19.233 19.628  0.3066983 0.0000007  6000.17475  0.348  0.279 4.434  0.129 3.086
OGLE-SMC-RRLYR-4722  19.509 20.094  0.2437261 0.0000010  6000.14263  0.188  0.336 3.917  0.000   -  
OGLE-SMC-RRLYR-4723  19.237 19.701  0.3595063 0.0000013  6000.16108  0.267  0.121 5.101  0.000   -  
OGLE-SMC-RRLYR-4724  19.366 19.807  0.3340897 0.0000017  6000.24532  0.262  0.193 5.013  0.000   -  
OGLE-SMC-RRLYR-4728  19.088 19.474  0.3605026 0.0000015  6000.15318  0.312  0.196 4.857  0.130 3.585
OGLE-SMC-RRLYR-4730  19.259 19.626  0.3108254 0.0000021  6000.24084  0.342  0.257 4.785  0.000   -  
OGLE-SMC-RRLYR-4733  18.949 19.282  0.3105585 0.0000015  6000.14926  0.391  0.268 4.708  0.000   -  
OGLE-SMC-RRLYR-4802  19.079 19.518  0.3977064 0.0000011  6000.19095  0.337  0.211 4.724  0.104 2.969
OGLE-SMC-RRLYR-4807  16.197 16.544  0.3147506 0.0000006  6000.18474  0.319  0.229 4.893  0.080 3.069
OGLE-SMC-RRLYR-4818  18.901 19.352  0.3957146 0.0000012  6000.08750  0.306  0.196 4.757  0.086 3.662
OGLE-SMC-RRLYR-4842  19.204 19.645  0.3687952 0.0000057  6000.25443  0.335  0.000   -    0.000   -  
OGLE-SMC-RRLYR-4846  19.139 19.721  0.3649382 0.0000015  6000.35746  0.413  0.298 4.158  0.071 2.345
OGLE-SMC-RRLYR-4848  19.194 19.635  0.3527977 0.0000011  6000.34982  0.283  0.160 4.586  0.083 3.425
OGLE-SMC-RRLYR-4851  15.709 16.150  0.3230167 0.0000022  6000.27345  0.220  0.140 3.185  0.097 0.898
OGLE-SMC-RRLYR-4860  19.261 19.581  0.2892734 0.0000026  6000.06040  0.303  0.263 4.680  0.000   -  
OGLE-SMC-RRLYR-4864  19.582 19.910  0.3028667 0.0000029  6000.26576  0.404  0.185 3.859  0.000   -  
OGLE-SMC-RRLYR-4869  19.026    -    0.3600883 0.0000036  6000.35758  0.313  0.000   -    0.000   -  
OGLE-SMC-RRLYR-4877  15.719 16.188  0.3304626 0.0000006  6000.20541  0.307  0.169 4.789  0.116 2.929
OGLE-SMC-RRLYR-4892  14.628 14.958  0.3357828 0.0000005  6000.23107  0.308  0.170 4.868  0.073 3.163
OGLE-SMC-RRLYR-4895  19.062 19.514  0.3496610 0.0000010  6000.19902  0.360  0.174 4.805  0.093 3.020
OGLE-SMC-RRLYR-4898  16.997 17.420  0.3309975 0.0000011  6000.18801  0.273  0.125 5.031  0.071 5.234
OGLE-SMC-RRLYR-4903  19.165 19.683  0.3493418 0.0000010  6000.27548  0.295  0.160 4.865  0.000   -  
OGLE-SMC-RRLYR-4905  19.143 19.609  0.3528425 0.0000012  6000.07415  0.314  0.136 4.824  0.074 3.338
OGLE-SMC-RRLYR-4912  19.016 19.466  0.3289372 0.0000007  6000.27530  0.408  0.284 4.455  0.124 2.468
OGLE-SMC-RRLYR-4913  19.114 19.627  0.3749006 0.0000014  6000.19337  0.246  0.104 5.033  0.081 3.795
OGLE-SMC-RRLYR-4922  19.018 19.480  0.3774774 0.0000028  6000.22533  0.282  0.180 4.895  0.000   -  
OGLE-SMC-RRLYR-4923  19.258 19.714  0.3477833 0.0000011  6000.25423  0.312  0.201 4.699  0.103 3.162
OGLE-SMC-RRLYR-4925  19.102 19.594  0.3428557 0.0000010  6000.24383  0.320  0.226 4.697  0.000   -  
OGLE-SMC-RRLYR-4926  19.193 19.633  0.3668689 0.0000016  6000.07404  0.244  0.000   -    0.110 3.083
OGLE-SMC-RRLYR-4940  19.234 19.689  0.3815586 0.0000041  6000.03275  0.295  0.000   -    0.000   -  
OGLE-SMC-RRLYR-4943  19.267 19.804  0.3626697 0.0000014  6000.23856  0.291  0.194 4.697  0.000   -  
OGLE-SMC-RRLYR-4950  19.250 19.651  0.3458835 0.0000009  6000.08284  0.331  0.179 4.774  0.125 3.240
OGLE-SMC-RRLYR-4974  18.890 19.326  0.3573178 0.0000038  6000.22101  0.259  0.000   -    0.000   -  
OGLE-SMC-RRLYR-4985  19.126 19.585  0.3718477 0.0000013  6000.26388  0.296  0.195 4.867  0.108 4.130
OGLE-SMC-RRLYR-4992  19.178 19.683  0.3199649 0.0000038  6000.04114  0.247  0.176 4.870  0.000   -  
OGLE-SMC-RRLYR-4996  19.070 19.754  0.3837504 0.0000032  6000.08181  0.331  0.353 4.968  0.187 2.929
OGLE-SMC-RRLYR-5002  19.132 19.525  0.2866838 0.0000012  6000.02758  0.215  0.228 4.287  0.000   -  
OGLE-SMC-RRLYR-5009  14.703 15.068  0.3444930 0.0000002  6000.25495  0.286  0.153 4.820  0.066 3.267
OGLE-SMC-RRLYR-5016  19.027 19.496  0.4095372 0.0000014  6000.23032  0.288  0.189 4.775  0.123 2.891
OGLE-SMC-RRLYR-5020  19.072 19.577  0.3538973 0.0000010  6000.12006  0.297  0.157 5.138  0.000   -  
OGLE-SMC-RRLYR-5024  19.382 19.846  0.3551975 0.0000013  6000.10436  0.293  0.156 4.882  0.077 3.812
OGLE-SMC-RRLYR-5045  19.276 19.663  0.3341660 0.0000016  6000.25227  0.266  0.000   -    0.000   -  
OGLE-SMC-RRLYR-5061  18.847 19.361  0.3700294 0.0000012  6000.34223  0.232  0.169 4.909  0.100 3.505
OGLE-SMC-RRLYR-5064  15.785 16.140  0.3226047 0.0000023  6000.07759  0.277  0.133 4.923  0.059 3.192
OGLE-SMC-RRLYR-5069  18.994 19.481  0.3843026 0.0000012  6000.01860  0.270  0.182 4.809  0.098 3.733
OGLE-SMC-RRLYR-5074  19.166 19.642  0.3587002 0.0000065  6000.12019  0.240  0.000   -    0.000   -  
OGLE-SMC-RRLYR-5078  19.188 19.562  0.3088791 0.0000020  6000.16315  0.175  0.000   -    0.000   -  
OGLE-SMC-RRLYR-5107  19.322 19.784  0.3422519 0.0000011  6000.27760  0.338  0.181 4.649  0.000   -  
OGLE-SMC-RRLYR-5110  19.148 19.635  0.3708220 0.0000013  6000.05730  0.309  0.210 4.748  0.000   -  
OGLE-SMC-RRLYR-5124  19.078 19.529  0.3603952 0.0000009  6000.09828  0.310  0.151 4.814  0.127 3.322
OGLE-SMC-RRLYR-5130  18.946 19.328  0.3206598 0.0000008  6000.04280  0.348  0.173 4.903  0.073 3.304
OGLE-SMC-RRLYR-5136  16.443 16.875  0.4023012 0.0000013  6000.08353  0.256  0.160 4.948  0.079 3.341
OGLE-SMC-RRLYR-5141  16.075 16.424  0.3528953 0.0000022  6000.22060  0.295  0.175 5.225  0.102 3.531
OGLE-SMC-RRLYR-5143  19.574 20.093  0.3303955 0.0000012  6000.30517  0.349  0.171 4.711  0.119 3.442
OGLE-SMC-RRLYR-5156  19.110 19.559  0.3044784 0.0000006  6000.04561  0.380  0.293 4.713  0.000   -  
OGLE-SMC-RRLYR-5164  19.216 19.638  0.3591184 0.0000011  6000.12287  0.330  0.178 4.767  0.091 2.913
OGLE-SMC-RRLYR-5168  18.884 19.135  0.3596609 0.0000011  6000.28031  0.284  0.146 4.844  0.092 3.657
OGLE-SMC-RRLYR-5181  15.055 15.463  0.3770688 0.0000014  6000.31659  0.303  0.211 4.799  0.079 2.979
OGLE-SMC-RRLYR-5201  16.976 17.389  0.2889214 0.0000002  6000.05542  0.318  0.209 4.711  0.099 2.829
OGLE-SMC-RRLYR-5208  19.101 19.588  0.3642594 0.0000011  6000.03268  0.262  0.155 4.789  0.115 3.058
OGLE-SMC-RRLYR-5211  19.354 19.845  0.3422246 0.0000020  6000.04266  0.202  0.000   -    0.000   -  
OGLE-SMC-RRLYR-5214  14.952 15.442  0.3261302 0.0000007  6000.18504  0.230  0.139 4.911  0.045 4.250
OGLE-SMC-RRLYR-5223  19.530 20.064  0.3798962 0.0000020  6000.23657  0.320  0.179 4.807  0.000   -  
OGLE-SMC-RRLYR-5229  19.136 19.490  0.3100195 0.0000008  6000.09492  0.383  0.318 4.459  0.104 2.713
OGLE-SMC-RRLYR-5231  19.197 19.665  0.3719061 0.0000019  6000.00427  0.270  0.000   -    0.000   -  
OGLE-SMC-RRLYR-5238  18.942 19.370  0.3809863 0.0000009  6000.35984  0.393  0.259 4.597  0.125 2.731
OGLE-SMC-RRLYR-5241  19.319 19.818  0.3602190 0.0000014  6000.10531  0.319  0.152 4.849  0.000   -  
OGLE-SMC-RRLYR-5247  19.030 19.400  0.3493857 0.0000030  6000.33705  0.220  0.230 5.087  0.000   -  
OGLE-SMC-RRLYR-5253  18.923 19.749  0.3635029 0.0000036  6000.12975  0.320  0.256 4.815  0.000   -  
OGLE-SMC-RRLYR-5254  19.307 19.667  0.2903553 0.0000009  6000.07881  0.315  0.272 4.623  0.000   -  
OGLE-SMC-RRLYR-5258  18.818 19.343  0.3662158 0.0000015  6000.26518  0.270  0.122 4.909  0.000   -  
OGLE-SMC-RRLYR-5263  18.878 19.355  0.3699823 0.0000012  6000.05396  0.304  0.179 4.473  0.125 3.283
OGLE-SMC-RRLYR-5267  18.771 19.173  0.3409628 0.0000006  6000.18583  0.372  0.193 4.826  0.078 2.870
OGLE-SMC-RRLYR-5275  19.155 19.658  0.4025211 0.0000015  6000.18468  0.264  0.000   -    0.113 3.862
OGLE-SMC-RRLYR-5276  19.105 19.547  0.3555287 0.0000012  6000.21602  0.321  0.162 5.092  0.066 3.497
OGLE-SMC-RRLYR-5291  19.356 19.840  0.3756542 0.0000016  6000.31256  0.287  0.214 5.008  0.000   -  
OGLE-SMC-RRLYR-5296  19.178 19.696  0.4124585 0.0000018  6000.34153  0.266  0.000   -    0.000   -  
OGLE-SMC-RRLYR-5297  19.212 19.671  0.3769427 0.0000117  6000.03536  0.259  0.000   -    0.000   -  
OGLE-SMC-RRLYR-5327  19.247 19.722  0.3452378 0.0000011  6000.33264  0.312  0.181 4.492  0.159 2.944
OGLE-SMC-RRLYR-5331  19.203 19.642  0.3528740 0.0000010  6000.01029  0.333  0.167 4.955  0.091 3.383
OGLE-SMC-RRLYR-5338  19.079 19.583  0.3659623 0.0000011  6000.29676  0.289  0.178 5.103  0.000   -  
OGLE-SMC-RRLYR-5339  19.423 19.899  0.3859437 0.0000065  6000.27788  0.256  0.000   -    0.000   -  
OGLE-SMC-RRLYR-5348  19.104 19.511  0.2925902 0.0000008  6000.02746  0.338  0.159 5.082  0.000   -  
OGLE-SMC-RRLYR-5363  18.941 19.351  0.3258404 0.0000007  6000.25158  0.320  0.136 5.023  0.000   -  
OGLE-SMC-RRLYR-5369  19.119 19.597  0.3358543 0.0000009  6000.07990  0.317  0.216 4.915  0.000   -  
OGLE-SMC-RRLYR-5384  19.025 19.508  0.3606605 0.0000010  6000.23529  0.267  0.142 4.813  0.139 3.438
OGLE-SMC-RRLYR-5404  16.395 16.792  0.3279979 0.0000007  6000.20902  0.372  0.302 4.573  0.066 2.522
OGLE-SMC-RRLYR-5418  19.059 19.562  0.4148174 0.0000013  6000.12873  0.290  0.253 4.654  0.130 3.674
OGLE-SMC-RRLYR-5435  19.436 19.894  0.3299336 0.0000014  6000.07323  0.266  0.188 5.133  0.000   -  
OGLE-SMC-RRLYR-5446  19.280 19.845  0.3719059 0.0000017  6000.32333  0.280  0.190 4.644  0.000   -  
OGLE-SMC-RRLYR-5463  19.134 19.605  0.3697153 0.0000014  6000.03752  0.257  0.156 4.937  0.143 3.613
OGLE-SMC-RRLYR-5484  19.195 19.723  0.3613567 0.0000014  6000.26023  0.260  0.130 5.094  0.000   -  
OGLE-SMC-RRLYR-5485  14.194 14.545  0.2973670 0.0000003  6000.29303  0.152  0.085 4.700  0.000   -  
OGLE-SMC-RRLYR-5486  19.052 19.314  0.2913700 0.0000016  6000.23549  0.424  0.404 4.397  0.174 3.388
OGLE-SMC-RRLYR-5492  19.840 20.185  0.3076146 0.0000017  6000.11664  0.284  0.000   -    0.000   -  
OGLE-SMC-RRLYR-5502  19.088 19.531  0.3548465 0.0000010  6000.19052  0.276  0.110 5.054  0.111 3.506
OGLE-SMC-RRLYR-5514  19.374 19.853  0.3527338 0.0000012  6000.01460  0.317  0.188 4.974  0.000   -  
OGLE-SMC-RRLYR-5516  19.179 19.599  0.3806306 0.0000037  6000.38007  0.323  0.198 4.618  0.000   -  
OGLE-SMC-RRLYR-5517  18.760 19.252  0.3715595 0.0000011  6000.15007  0.270  0.165 5.126  0.000   -  
OGLE-SMC-RRLYR-5525  19.407 19.901  0.3117629 0.0000017  6000.30643  0.306  0.246 5.030  0.000   -  
OGLE-SMC-RRLYR-5551  19.358 19.842  0.3181969 0.0000010  6000.21146  0.332  0.215 4.585  0.000   -  
OGLE-SMC-RRLYR-5559  19.106 19.621  0.3553861 0.0000012  6000.30580  0.262  0.151 4.771  0.155 2.892
OGLE-SMC-RRLYR-5565  19.160 19.536  0.3413107 0.0000010  6000.32713  0.344  0.167 4.476  0.091 2.679
OGLE-SMC-RRLYR-5572  17.487 17.790  0.2601299 0.0000010  6000.11440  0.183  0.112 5.152  0.117 3.026
OGLE-SMC-RRLYR-5576  18.854 19.301  0.4282817 0.0000014  6000.19396  0.318  0.000   -    0.069 5.392
OGLE-SMC-RRLYR-5578  19.024 19.495  0.4235029 0.0000025  6000.19908  0.254  0.092 6.143  0.078 5.407
OGLE-SMC-RRLYR-5583  19.283 19.785  0.3714276 0.0000016  6000.24044  0.260  0.000   -    0.000   -  
OGLE-SMC-RRLYR-5592  19.064 19.524  0.3579640 0.0000010  6000.16896  0.334  0.168 5.042  0.000   -  
OGLE-SMC-RRLYR-5602  19.096 19.587  0.3377753 0.0000036  6000.12762  0.419  0.224 5.185  0.000   -  
OGLE-SMC-RRLYR-5604  18.510 19.016  0.4780462 0.0000015  6000.36274  0.236  0.164 5.656  0.074 3.790
OGLE-SMC-RRLYR-5605  19.480 19.906  0.2741014 0.0000008  6000.14918  0.314  0.182 4.620  0.108 3.350
OGLE-SMC-RRLYR-5609  19.226 19.643  0.3343663 0.0000009  6000.04941  0.382  0.221 4.848  0.090 3.701
OGLE-SMC-RRLYR-5621  18.850 19.460  0.3573734 0.0000038  6000.26462  0.257  0.000   -    0.000   -  
OGLE-SMC-RRLYR-5622  19.228 19.679  0.3645745 0.0000051  6000.01779  0.287  0.245 5.744  0.000   -  
OGLE-SMC-RRLYR-5631  19.028 19.534  0.3716128 0.0000043  6000.02754  0.274  0.402 4.794  0.000   -  
OGLE-SMC-RRLYR-5638  18.979 19.444  0.3493995 0.0000007  6000.06445  0.357  0.263 4.746  0.076 2.576
OGLE-SMC-RRLYR-5648  15.981 16.466  0.3503130 0.0000003  6000.24979  0.254  0.099 5.236  0.069 4.519
OGLE-SMC-RRLYR-5654  14.815 15.102  0.2969387 0.0000008  6000.04575  0.173  0.090 4.909  0.000   -  
OGLE-SMC-RRLYR-5663  19.178 19.514  0.2978416 0.0000007  6000.09417  0.356  0.255 4.418  0.084 2.646
OGLE-SMC-RRLYR-5679  19.123 19.472  0.3403218 0.0000017  6000.33147  0.354  0.189 4.974  0.000   -  
OGLE-SMC-RRLYR-5682  14.314 14.766  0.3161040 0.0000001  6000.04882  0.244  0.107 4.778  0.074 4.000
OGLE-SMC-RRLYR-5722  19.201 19.646  0.3641439 0.0000015  6000.24573  0.265  0.141 4.693  0.000   -  
OGLE-SMC-RRLYR-5730  16.416 16.859  0.3230821 0.0000003  6000.16079  0.342  0.212 4.567  0.089 2.660
OGLE-SMC-RRLYR-5739  19.156 19.551  0.3077279 0.0000007  6000.27154  0.377  0.327 4.829  0.073 2.732
OGLE-SMC-RRLYR-5745  16.965 17.400  0.4059585 0.0000018  6000.13741  0.248  0.072 5.645  0.052 2.398
OGLE-SMC-RRLYR-5747  13.972 14.259  0.2910075 0.0000005  6000.09686  0.332  0.348 4.223  0.103 2.398
OGLE-SMC-RRLYR-5760  18.859 19.402  0.3713017 0.0000034  6000.18739  0.262  0.156 5.056  0.000   -  
OGLE-SMC-RRLYR-5763  14.737 15.086  0.2868485 0.0000007  6000.14733  0.254  0.123 5.129  0.053 3.390
OGLE-SMC-RRLYR-5766  19.306 19.622  0.2846697 0.0000030  6000.08181  0.277  0.249 4.234  0.000   -  
OGLE-SMC-RRLYR-5773  19.106 19.591  0.3564863 0.0000013  6000.09566  0.278  0.190 5.120  0.000   -  
OGLE-SMC-RRLYR-5822  19.162 19.634  0.3740780 0.0000013  6000.01328  0.305  0.138 5.024  0.000   -  
OGLE-SMC-RRLYR-5828  19.164 19.569  0.3409931 0.0000014  6000.00977  0.276  0.109 5.583  0.000   -  
OGLE-SMC-RRLYR-5874  19.131 19.476  0.2834101 0.0000009  6000.15507  0.247  0.255 4.668  0.000   -  
OGLE-SMC-RRLYR-5878  19.077 19.586  0.3847650 0.0000012  6000.08800  0.275  0.192 5.018  0.136 3.646
OGLE-SMC-RRLYR-5883  19.287 19.795  0.3667435 0.0000017  6000.10948  0.267  0.102 5.201  0.000   -  
OGLE-SMC-RRLYR-5886  16.805 17.234  0.3514032 0.0000062  6000.30930  0.297  0.210 4.894  0.103 3.123
OGLE-SMC-RRLYR-5890  19.151 19.580  0.3181335 0.0000011  6000.13835  0.356  0.284 4.607  0.120 2.812
OGLE-SMC-RRLYR-5902  19.128 19.571  0.3511598 0.0000009  6000.26507  0.338  0.210 4.730  0.106 2.903
OGLE-SMC-RRLYR-5910  19.143 19.643  0.3704853 0.0000024  6000.22672  0.293  0.129 4.648  0.112 3.255
OGLE-SMC-RRLYR-5912  14.804 15.267  0.4166048 0.0000032  6000.22270  0.286  0.160 5.108  0.093 3.389
OGLE-SMC-RRLYR-5919  18.973 19.481  0.3602852 0.0000013  6000.25829  0.275  0.116 5.080  0.085 2.838
OGLE-SMC-RRLYR-5926  18.938 19.418  0.3568671 0.0000044  6000.22843  0.263  0.000   -    0.000   -  
OGLE-SMC-RRLYR-5930  19.366 19.761  0.3302441 0.0000015  6000.08968  0.362  0.269 4.797  0.160 2.345
OGLE-SMC-RRLYR-5936  18.933 19.413  0.3453557 0.0000016  6000.19022  0.363  0.195 4.832  0.000   -  
OGLE-SMC-RRLYR-5945  14.723 15.082  0.3141650 0.0000020  6000.17455  0.272  0.111 4.507  0.111 4.621
OGLE-SMC-RRLYR-5947  17.352 17.712  0.3489069 0.0000023  6000.09985  0.290  0.195 4.818  0.052 2.913
OGLE-SMC-RRLYR-5950  18.758 19.276  0.4004721 0.0000019  6000.19602  0.267  0.163 4.961  0.118 3.126
OGLE-SMC-RRLYR-5961  18.678 19.214  0.3770170 0.0000014  6000.23885  0.288  0.127 4.952  0.087 2.756
OGLE-SMC-RRLYR-5968  16.411 16.858  0.3564254 0.0000004  6000.06295  0.279  0.103 4.932  0.079 4.132
OGLE-SMC-RRLYR-5982  19.146 19.588  0.3596139 0.0000018  6000.26724  0.302  0.116 4.989  0.000   -  
OGLE-SMC-RRLYR-5986  18.883 19.389  0.3609362 0.0000017  6000.01420  0.257  0.188 5.341  0.108 3.728
OGLE-SMC-RRLYR-5996  19.035 19.437  0.2942529 0.0000010  6000.28580  0.339  0.285 4.453  0.000   -  
OGLE-SMC-RRLYR-6024  19.388 19.873  0.3763807 0.0000028  6000.22492  0.311  0.207 4.551  0.108 4.022
OGLE-SMC-RRLYR-6025  19.281 19.701  0.3604424 0.0000022  6000.23300  0.294  0.229 4.450  0.000   -  
OGLE-SMC-RRLYR-6035  18.872 19.450  0.3346383 0.0000079  6000.08774  0.300  0.000   -    0.000   -  
OGLE-SMC-RRLYR-6036  16.666 17.170  0.3751756 0.0000004  6000.21313  0.329  0.195 4.709  0.092 2.953
OGLE-SMC-RRLYR-6038  19.401 19.821  0.3385901 0.0000016  6000.32539  0.396  0.243 4.447  0.000   -  
OGLE-SMC-RRLYR-6039  18.839 19.345  0.4308910 0.0000020  6000.04307  0.263  0.195 5.058  0.146 3.708
OGLE-SMC-RRLYR-6048  18.630 19.104  0.3474899 0.0000014  6000.19709  0.285  0.150 4.982  0.092 4.296
OGLE-SMC-RRLYR-6054  14.885 15.314  0.3403174 0.0000008  6000.32311  0.235  0.063 4.882  0.054 4.183
OGLE-SMC-RRLYR-6060  19.151 19.605  0.3625553 0.0000023  6000.33759  0.294  0.156 5.568  0.140 4.567
OGLE-SMC-RRLYR-6062  18.945 19.455  0.3740391 0.0000019  6000.09149  0.288  0.266 4.970  0.000   -  
OGLE-SMC-RRLYR-6063  18.995 19.479  0.3617759 0.0000019  6000.35208  0.256  0.148 5.252  0.000   -  
OGLE-SMC-RRLYR-6079  19.473 19.898  0.3347391 0.0000021  6000.09809  0.149  0.000   -    0.000   -  
OGLE-SMC-RRLYR-6082  19.071 19.472  0.3006382 0.0000062  6000.19521  0.393  0.243 5.057  0.160 4.073
OGLE-SMC-RRLYR-6085  19.077 19.486  0.2875033 0.0000025  6000.03123  0.203  0.000   -    0.000   -  
OGLE-SMC-RRLYR-6089  19.087 19.552  0.3626428 0.0000016  6000.09550  0.295  0.180 5.192  0.000   -  
OGLE-SMC-RRLYR-6094  18.888 19.333  0.3847893 0.0000025  6000.26176  0.243  0.000   -    0.000   -  
OGLE-SMC-RRLYR-6102  17.518 18.582  0.2957476 0.0000034  6000.01836  0.168  0.733 5.085  0.000   -  
OGLE-SMC-RRLYR-6113  19.427 19.731  0.3059076 0.0000030  6000.13327  0.188  0.000   -    0.000   -  
OGLE-SMC-RRLYR-6117  19.158 19.581  0.2998315 0.0000023  6000.15964  0.292  0.141 4.797  0.000   -  
OGLE-SMC-RRLYR-6127  19.376 19.715  0.3132082 0.0000025  6000.19424  0.274  0.196 5.313  0.000   -  
OGLE-SMC-RRLYR-6131  16.438 16.902  0.4101364 0.0000027  6000.19860  0.228  0.115 5.623  0.047 5.261
OGLE-SMC-RRLYR-6136  18.749 19.212  0.3521184 0.0000015  6000.03095  0.258  0.112 5.218  0.099 3.600
OGLE-SMC-RRLYR-6139  19.021 19.485  0.3634006 0.0000020  6000.06585  0.276  0.102 5.073  0.107 4.024
OGLE-SMC-RRLYR-6144  19.215 19.653  0.3630765 0.0000020  6000.12827  0.330  0.163 4.701  0.000   -  
OGLE-SMC-RRLYR-6164  16.837 17.286  0.3449600 0.0000028  6000.02490  0.274  0.148 4.919  0.090 3.962
OGLE-SMC-RRLYR-6168  19.331 19.865  0.3239200 0.0000016  6000.09918  0.358  0.318 4.457  0.000   -  
OGLE-SMC-RRLYR-6177  19.210 19.551  0.2957933 0.0000016  6000.08024  0.320  0.202 4.731  0.000   -  
OGLE-SMC-RRLYR-6183  16.568 16.990  0.2981213 0.0000019  6000.13627  0.321  0.217 4.828  0.107 3.007
OGLE-SMC-RRLYR-6187  18.807 19.305  0.3589911 0.0000016  6000.08654  0.303  0.126 4.871  0.000   -  
OGLE-SMC-RRLYR-6199  18.965 19.432  0.3612712 0.0000025  6000.16968  0.303  0.000   -    0.000   -  
OGLE-SMC-RRLYR-6204  19.315 19.843  0.3479679 0.0000057  6000.01788  0.336  0.266 4.665  0.000   -  
OGLE-SMC-RRLYR-6207  16.737 17.144  0.3428137 0.0000039  6000.19114  0.281  0.178 4.693  0.079 3.178
OGLE-SMC-RRLYR-6210  19.554 19.960  0.2878383 0.0000011  6000.23787  0.268  0.193 4.628  0.000   -  
OGLE-SMC-RRLYR-6212  12.244 12.678  0.3106696 0.0000021  6000.21388  0.253  0.105 4.958  0.085 3.347
OGLE-SMC-RRLYR-6214  16.966 17.385  0.3439877 0.0000007  6000.08684  0.308  0.175 4.759  0.091 2.870
OGLE-SMC-RRLYR-6223  17.177 17.548  0.2828438 0.0000003  6000.16781  0.322  0.160 4.844  0.095 3.028
OGLE-SMC-RRLYR-6238  19.255 19.740  0.3422822 0.0000015  6000.15717  0.324  0.207 4.958  0.131 2.861
OGLE-SMC-RRLYR-6244  15.937 16.400  0.3196892 0.0000016  6000.26877  0.265  0.115 4.770  0.110 4.076
OGLE-SMC-RRLYR-6248  17.477 17.974  0.3627306 0.0000008  6000.19972  0.274  0.127 5.007  0.075 3.222
OGLE-SMC-RRLYR-6266  19.139 19.660  0.3117599 0.0000078  6000.21164  0.254  0.000   -    0.000   -  
OGLE-SMC-RRLYR-6267  16.758 17.177  0.3360691 0.0000032  6000.33327  0.299  0.187 4.697  0.114 2.567
OGLE-SMC-RRLYR-6272  16.913 17.368  0.2747452 0.0000028  6000.26273  0.280  0.232 5.190  0.086 2.571
OGLE-SMC-RRLYR-6273  16.050 16.367  0.3744523 0.0000047  6000.02875  0.241  0.128 5.027  0.080 4.624
OGLE-SMC-RRLYR-6277  18.954 19.366  0.3167912 0.0000011  6000.03947  0.381  0.260 4.571  0.104 2.938
OGLE-SMC-RRLYR-6278  16.007 16.575  0.3296523 0.0000006  6000.22169  0.174  0.116 4.813  0.092 3.565
OGLE-SMC-RRLYR-6285  19.093 19.548  0.3301162 0.0000015  6000.29858  0.359  0.197 4.840  0.000   -  
OGLE-SMC-RRLYR-6291  15.681 16.121  0.3516408 0.0000035  6000.13603  0.259  0.131 5.075  0.071 4.347
OGLE-SMC-RRLYR-6299  16.551 16.961  0.3216835 0.0000004  6000.23559  0.260  0.150 4.607  0.065 3.324
OGLE-SMC-RRLYR-6300  15.709 16.039  0.2771281 0.0000006  6000.11752  0.179  0.094 4.665  0.000   -  
OGLE-SMC-RRLYR-6302  19.061 19.547  0.3653092 0.0000038  6000.30740  0.257  0.000   -    0.000   -  
OGLE-SMC-RRLYR-6309  17.360 17.879  0.4366242 0.0000042  6000.39923  0.284  0.100 5.701  0.000   -  
OGLE-SMC-RRLYR-6310  17.226 17.773  0.3958758 0.0000023  6000.11948  0.445  0.335 4.261  0.117 1.920
OGLE-SMC-RRLYR-6311  16.087 16.526  0.3807001 0.0000008  6000.21776  0.273  0.098 5.047  0.052 4.339
OGLE-SMC-RRLYR-6313  16.812 17.283  0.2915834 0.0000042  6000.18071  0.284  0.153 5.002  0.163 3.023
OGLE-SMC-RRLYR-6318  16.389 16.897  0.3390857 0.0000073  6000.20218  0.228  0.221 5.203  0.108 3.231
OGLE-SMC-RRLYR-6331  19.071 19.580  0.3599057 0.0000104  6000.33255  0.265  0.000   -    0.000   -  
OGLE-SMC-RRLYR-6332  16.063 16.493  0.3278586 0.0000006  6000.26189  0.254  0.148 4.677  0.078 3.164
OGLE-SMC-RRLYR-6343  15.645 16.057  0.3398784 0.0000038  6000.23236  0.330  0.140 4.818  0.044 2.876
OGLE-SMC-RRLYR-6347  15.375 15.792  0.3460220 0.0000038  6000.33761  0.354  0.214 4.752  0.109 2.895
OGLE-SMC-RRLYR-6352  18.762 19.403  0.4538164 0.0000136  6000.10977  0.224  0.000   -    0.000   -  
OGLE-SMC-RRLYR-6357  15.708 16.216  0.3450337 0.0000017  6000.02368  0.259  0.107 5.045  0.055 4.381
OGLE-SMC-RRLYR-6360  16.138 16.506  0.3203026 0.0000004  6000.16657  0.318  0.146 4.903  0.070 4.165
OGLE-SMC-RRLYR-6364  17.459 17.898  0.3508521 0.0000028  6000.16927  0.274  0.125 4.854  0.079 3.172
OGLE-SMC-RRLYR-6365  17.077 17.540  0.2862942 0.0000006  6000.23242  0.340  0.240 4.753  0.085 3.132
OGLE-SMC-RRLYR-6372  12.787 13.223  0.3049635 0.0000012  6000.18288  0.204  0.093 4.710  0.041 4.441
OGLE-SMC-RRLYR-6373  18.940 19.401  0.3757668 0.0000046  6000.04501  0.264  0.000   -    0.000   -  
OGLE-SMC-RRLYR-6378  16.713 17.135  0.3467179 0.0000015  6000.16886  0.214  0.087 4.966  0.072 3.842
OGLE-SMC-RRLYR-6379  19.087 19.589  0.3581654 0.0000053  6000.18653  0.277  0.000   -    0.000   -  
OGLE-SMC-RRLYR-6382  18.946 19.407  0.3628445 0.0000038  6000.28152  0.287  0.000   -    0.000   -  
OGLE-SMC-RRLYR-6383  19.047 19.537  0.3596333 0.0000022  6000.13447  0.327  0.165 5.495  0.000   -  
OGLE-SMC-RRLYR-6390  19.082 19.649  0.4369208 0.0000073  6000.39998  0.314  0.000   -    0.176   -  
OGLE-SMC-RRLYR-6397  16.289 16.667  0.3066045 0.0000006  6000.21161  0.336  0.274 4.472  0.049 2.410
OGLE-SMC-RRLYR-6398  19.155 19.404  0.3122655 0.0000025  6000.20128  0.286  0.000   -    0.000   -  
OGLE-SMC-RRLYR-6400  18.985 19.298  0.3210453 0.0000020  6000.16700  0.366  0.198 4.907  0.214 3.206
OGLE-SMC-RRLYR-6405  19.182    -    0.3470794 0.0000019  6000.23358  0.299  0.000   -    0.000   -  
OGLE-SMC-RRLYR-6409  18.695 19.134  0.3943263 0.0000005  6000.10084  0.472  0.350 4.424  0.100 2.300
OGLE-SMC-RRLYR-6416  19.145    -    0.3426558 0.0000039  6000.12412  0.244  0.217 5.896  0.000   -  
OGLE-SMC-RRLYR-6421  19.095 19.756  0.3990009 0.0000043  6000.06209  0.244  0.377 4.812  0.208   -  
OGLE-SMC-RRLYR-6427  19.160 19.734  0.3610092 0.0000021  6000.23539  0.335  0.194 4.848  0.161 2.793
OGLE-SMC-RRLYR-6428  19.228 19.670  0.3949273 0.0000044  6000.24894  0.264  0.000   -    0.000   -  
OGLE-SMC-RRLYR-6442  19.035 19.297  0.3957545 0.0000024  6000.30074  0.390  0.248 4.405  0.000   -  
OGLE-SMC-RRLYR-6443  19.182 19.661  0.3785012 0.0000024  6000.08313  0.277  0.206 5.318  0.000   -  
OGLE-SMC-RRLYR-6451  19.207    -    0.3457904 0.0000016  6000.20568  0.354  0.228 5.073  0.000   -  
OGLE-SMC-RRLYR-6456  19.176    -    0.3494799 0.0000047  6000.27251  0.332  0.239 5.289  0.000   -  
OGLE-SMC-RRLYR-6475  19.324 19.819  0.3590102 0.0000016  6000.09795  0.301  0.173 5.251  0.000   -  
OGLE-SMC-RRLYR-6479  19.078 19.756  0.3832712 0.0000085  6000.31514  0.255  0.000   -    0.000   -  
OGLE-SMC-RRLYR-6490  18.995 19.489  0.3634261 0.0000036  6000.09420  0.300  0.228 4.831  0.000   -  
OGLE-SMC-RRLYR-6502  19.338 19.659  0.2964380 0.0000024  6000.24488  0.296  0.345 4.381  0.000   -  
OGLE-SMC-RRLYR-6507  19.067    -    0.3667980 0.0000043  6000.07304  0.299  0.273   -    0.000   -  
OGLE-SMC-RRLYR-6508  19.090 19.646  0.3869091 0.0000024  6000.15641  0.300  0.127   -    0.000   -  
OGLE-SMC-RRLYR-6510  16.746 17.200  0.3299106 0.0000012  6000.05093  0.292  0.168 4.713  0.075 3.007
OGLE-SMC-RRLYR-6517  16.179    -    0.3077250 0.0000015  6000.06237  0.330  0.317 4.506  0.074 2.759
OGLE-SMC-RRLYR-6523  18.386    -    0.3969244 0.0000130  6000.12508  0.506  0.455 3.947  0.115 2.089
OGLE-SMC-RRLYR-6547  19.211 19.614  0.3692442 0.0000037  6000.23906  0.318  0.183   -    0.000   -  
OGLE-SMC-RRLYR-6556  19.199 19.593  0.3713422 0.0000035  6000.24750  0.319  0.281 4.653  0.325 4.390
OGLE-SMC-RRLYR-6565  19.052 19.466  0.3862112 0.0000021  6000.16109  0.269  0.000   -    0.000   -  
OGLE-SMC-RRLYR-6568  18.879 19.247  0.3403431 0.0000042  6000.13424  0.426  0.274 4.377  0.000   -  
OGLE-SMC-RRLYR-6570  14.332 14.705  0.3300008 0.0000004  6000.16367  0.280  0.190 4.791  0.073 2.848
