OGLE-LMC-CEP-0008  16.337 16.921   0.9728732 0.0000040  6000.02976  0.237  0.247 4.033  0.048 2.117  0.7820014 0.0000108  6000.61058  0.068  0.151 6.142  0.142 0.503
OGLE-LMC-CEP-0011  16.300 16.923   1.0199256 0.0000075  6000.27574  0.230  0.154 4.397  0.050 1.926  0.8194448 0.0000143  6000.61504  0.074  0.000   -    0.245 1.282
OGLE-LMC-CEP-0032  16.309 16.961   1.0616577 0.0000083  6000.01238  0.140  0.141 3.866  0.056 1.956  0.8543837 0.0000232  6000.30019  0.043  0.187 3.933  0.135 3.512
OGLE-LMC-CEP-0061  16.660 17.290   0.8685818 0.0000021  6000.65029  0.272  0.271 3.937  0.099 2.034  0.6985558 0.0000059  6000.66363  0.071  0.102 5.051  0.000   -  
OGLE-LMC-CEP-0073  16.785    -     0.8371477 0.0000014  6000.61249  0.242  0.405 4.629  0.318 1.834  0.6739025 0.0000043  6000.19773  0.066  0.135 5.745  0.006   -  
OGLE-LMC-CEP-0081  17.105 17.632   0.5360222 0.0000006  6000.04193  0.240  0.174 2.226  0.224 0.310  0.4329082 0.0000027  6000.15644  0.044  0.000   -    0.000   -  
OGLE-LMC-CEP-0136  16.156 17.008   1.4401088 0.0000047  6000.90373  0.240  0.193 4.284  0.053 2.212  1.1518289 0.0000280  6000.90578  0.026  0.000   -    0.000   -  
OGLE-LMC-CEP-0146  16.306 16.818   0.8840549 0.0000023  6000.77326  0.295  0.238 3.900  0.097 1.431  0.7126319 0.0000070  6000.12606  0.068  0.132 4.623  0.093 2.021
OGLE-LMC-CEP-0178  16.788 17.380   0.7226737 0.0000010  6000.16507  0.208  0.207 3.480  0.102 1.446  0.5816623 0.0000029  6000.19716  0.055  0.105 4.321  0.000   -  
OGLE-LMC-CEP-0183  16.735 17.422   0.8934836 0.0000033  6000.26825  0.194  0.233 3.864  0.076 2.220  0.7192493 0.0000085  6000.33108  0.049  0.000   -    0.000   -  
OGLE-LMC-CEP-0207  16.374 16.916   0.9987944 0.0000038  6000.86860  0.207  0.137   -    0.230   -    0.8020980 0.0000059  6000.05964  0.063  0.103 5.081  0.000   -  
OGLE-LMC-CEP-0219  16.672 17.396   0.9431479 0.0000017  6000.19612  0.228  0.225 3.991  0.081 1.965  0.7585841 0.0000039  6000.42434  0.075  0.086 4.956  0.000   -  
OGLE-LMC-CEP-0228  17.850 18.410   0.3656841 0.0000006  6000.29663  0.196  0.164 2.267  0.119 6.124  0.2939781 0.0000044  6000.13321  0.018  0.000   -    0.000   -  
OGLE-LMC-CEP-0234  16.350 17.014   1.1327488 0.0000043  6001.07813  0.194  0.207 4.293  0.071 1.957  0.9081295 0.0000068  6000.49123  0.084  0.088 5.007  0.000   -  
OGLE-LMC-CEP-0242  16.764 17.336   0.7804762 0.0000012  6000.62437  0.228  0.220 3.880  0.108 1.737  0.6295187 0.0000028  6000.04622  0.074  0.124 4.884  0.000   -  
OGLE-LMC-CEP-0259  17.191 17.689   0.5062363 0.0000006  6000.18565  0.269  0.218 3.367  0.118 0.775  0.4067903 0.0000037  6000.39829  0.030  0.000   -    0.000   -  
OGLE-LMC-CEP-0277  17.310 17.924   0.5784533 0.0000008  6000.32266  0.292  0.171 3.385  0.151 1.168  0.4665229 0.0000036  6000.11228  0.057  0.000   -    0.000   -  
OGLE-LMC-CEP-0288  16.296 16.893   1.0929746 0.0000051  6000.61795  0.307  0.264 4.356  0.067 2.255  0.8765272 0.0000218  6000.45280  0.064  0.000   -    0.000   -  
OGLE-LMC-CEP-0309  16.628 17.195   0.7886164 0.0000013  6000.64685  0.282  0.257 3.876  0.117 1.868  0.6348713 0.0000047  6000.12674  0.056  0.104 4.282  0.000   -  
OGLE-LMC-CEP-0311  15.949 16.524   1.3642010 0.0000054  6000.09157  0.288  0.210 4.563  0.048 2.338  1.0933199 0.0000136  6000.69318  0.076  0.034 0.910  0.000   -  
OGLE-LMC-CEP-0341  18.135 18.754   0.3261455 0.0000005  6000.02643  0.197  0.231 0.670  0.178 5.296  0.2629726 0.0000018  6000.19561  0.039  0.000   -    0.000   -  
OGLE-LMC-CEP-0344  18.524    -     0.2600641 0.0000013  6000.15297  0.239  0.267 5.134  0.000   -    0.2088636 0.0000036  6000.03504  0.040  0.000   -    0.000   -  
OGLE-LMC-CEP-0375  16.893 17.513   0.6880036 0.0000013  6000.48264  0.143  0.160 3.314  0.087 1.385  0.5538652 0.0000027  6000.11205  0.051  0.092 4.380  0.000   -  
OGLE-LMC-CEP-0391  16.188 16.771   1.1409728 0.0000019  6000.24716  0.292  0.253 4.426  0.058 2.118  0.9152450 0.0000059  6000.61605  0.063  0.000   -    0.000   -  
OGLE-LMC-CEP-0413  16.711 17.289   0.7629625 0.0000021  6000.70780  0.290  0.225 3.848  0.102 1.731  0.6139831 0.0000076  6000.47553  0.062  0.191 4.253  0.114 3.706
OGLE-LMC-CEP-0435  16.596 17.214   0.8212175 0.0000013  6000.49612  0.224  0.230 3.675  0.096 1.638  0.6608189 0.0000030  6000.09775  0.068  0.075 4.618  0.000   -  
OGLE-LMC-CEP-0464  16.626 17.126   0.7086407 0.0000013  6000.16555  0.276  0.229 3.884  0.091 1.620  0.5701287 0.0000031  6000.27878  0.063  0.457 6.276  0.416 0.187
OGLE-LMC-CEP-0476  16.479 17.016   0.8318013 0.0000013  6000.77230  0.237  0.259 3.937  0.093 1.984  0.6692269 0.0000034  6000.15153  0.061  0.092 4.534  0.000   -  
OGLE-LMC-CEP-0493  16.739 17.306   0.7088660 0.0000005  6000.52175  0.367  0.261 3.661  0.142 1.373  0.5717862 0.0000068  6000.29157  0.029  0.000   -    0.000   -  
OGLE-LMC-CEP-0503  17.337 17.853   0.4864368 0.0000005  6000.01450  0.310  0.228 3.588  0.111 1.065  0.3904980 0.0000031  6000.12775  0.037  0.000   -    0.000   -  
OGLE-LMC-CEP-0509  16.840 17.469   0.7133879 0.0000014  6000.15746  0.254  0.228 3.663  0.148 1.466  0.5753061 0.0000046  6000.29101  0.059  0.085 3.877  0.000   -  
OGLE-LMC-CEP-0516  16.788 17.298   0.5937449 0.0000015  6000.53041  0.193  0.166 3.370  0.092 1.027  0.4781002 0.0000065  6000.30954  0.035  0.000   -    0.000   -  
OGLE-LMC-CEP-0552  16.787 17.388   0.7425453 0.0000010  6000.23559  0.258  0.241 3.773  0.102 1.588  0.5983280 0.0000024  6000.29641  0.075  0.109 4.965  0.000   -  
OGLE-LMC-CEP-0558  16.828 17.405   0.7343334 0.0000018  6000.09988  0.255  0.244 3.725  0.138 1.639  0.5918302 0.0000053  6000.16401  0.076  0.107 3.855  0.066 5.511
OGLE-LMC-CEP-0586  17.070 17.663   0.5957427 0.0000010  6000.25002  0.234  0.200 3.043  0.187 0.826  0.4810158 0.0000057  6000.20531  0.027  0.000   -    0.000   -  
OGLE-LMC-CEP-0608  17.032 17.584   0.5702777 0.0000010  6000.30425  0.190  0.170 2.724  0.155 0.687  0.4603843 0.0000029  6000.24682  0.053  0.000   -    0.000   -  
OGLE-LMC-CEP-0629  16.594 17.193   0.8411481 0.0000030  6000.66251  0.184  0.219 3.899  0.074 1.736  0.6776508 0.0000058  6000.08587  0.065  0.096 4.215  0.000   -  
OGLE-LMC-CEP-0630  16.263 16.789   0.9904949 0.0000025  6000.55617  0.326  0.241 4.108  0.070 2.265  0.7955734 0.0000103  6000.67059  0.060  0.000   -    0.093 5.452
OGLE-LMC-CEP-0641  16.644 17.232   0.7680969 0.0000012  6000.02860  0.185  0.198 3.594  0.081 1.661  0.6183906 0.0000039  6000.50211  0.042  0.000   -    0.000   -  
OGLE-LMC-CEP-0642  16.368 16.956   0.9917105 0.0000016  6000.13461  0.217  0.245 3.931  0.084 1.726  0.7972888 0.0000038  6000.46379  0.059  0.065 4.555  0.000   -  
OGLE-LMC-CEP-0643  16.853 17.439   0.6835210 0.0000011  6000.15387  0.230  0.191 3.553  0.106 1.452  0.5506924 0.0000034  6000.52344  0.054  0.000   -    0.000   -  
OGLE-LMC-CEP-0651  16.986 17.538   0.6427680 0.0000008  6000.14222  0.232  0.189 3.485  0.119 1.340  0.5186066 0.0000025  6000.14432  0.054  0.086 4.340  0.000   -  
OGLE-LMC-CEP-0664  16.701 17.382   0.7012256 0.0000012  6000.23293  0.204  0.261 3.610  0.147 1.433  0.5652208 0.0000028  6000.49778  0.066  0.097 3.960  0.000   -  
OGLE-LMC-CEP-0670  16.050 16.579   1.1862811 0.0000036  6000.61312  0.269  0.193 4.368  0.047 2.236  0.9507782 0.0000125  6000.24387  0.051  0.000   -    0.000   -  
OGLE-LMC-CEP-0684  16.606 17.187   0.8423061 0.0000014  6000.15334  0.192  0.217 3.790  0.084 1.943  0.6789643 0.0000030  6000.16654  0.066  0.098 4.897  0.000   -  
OGLE-LMC-CEP-0703  16.320 16.842   0.9604414 0.0000026  6000.57930  0.308  0.241 4.106  0.070 2.027  0.7725296 0.0000117  6000.17360  0.049  0.100 3.886  0.000   -  
OGLE-LMC-CEP-0704  16.063 16.600   1.1101477 0.0000015  6000.74452  0.305  0.258 4.080  0.070 1.920  0.8907973 0.0000090  6000.87584  0.035  0.000   -    0.000   -  
OGLE-LMC-CEP-0724  15.829 16.469   1.3209921 0.0000034  6001.12937  0.190  0.206 4.014  0.062 1.858  1.0601367 0.0000071  6001.05505  0.066  0.048 4.765  0.000   -  
OGLE-LMC-CEP-0737  17.937 18.459   0.3401891 0.0000006  6000.06847  0.181  0.247 1.988  0.148 6.229  0.2729919 0.0000029  6000.08946  0.024  0.000   -    0.000   -  
OGLE-LMC-CEP-0781  17.196 17.887   0.6271669 0.0000013  6000.42455  0.218  0.207 3.232  0.143 1.065  0.5061685 0.0000050  6000.16808  0.049  0.000   -    0.000   -  
OGLE-LMC-CEP-0782  16.023 16.554   1.1350476 0.0000068  6000.40345  0.233  0.195 4.418  0.048 3.099  0.9120265 0.0000073  6000.74284  0.056  0.000   -    0.103 1.030
OGLE-LMC-CEP-0810  17.741 18.214   0.3426411 0.0000004  6000.06463  0.202  0.176 3.227  0.142 0.752  0.2754145 0.0000016  6000.11114  0.036  0.000   -    0.000   -  
OGLE-LMC-CEP-0857  16.262 16.940   1.0591268 0.0000069  6000.74574  0.075  0.000   -    0.060 5.626  0.8548853 0.0000093  6000.82472  0.034  0.000   -    0.000   -  
OGLE-LMC-CEP-0897  17.870 18.382   0.3003518 0.0000005  6000.27006  0.128  0.103 4.807  0.000   -    0.2421546 0.0000008  6000.07878  0.061  0.000   -    0.000   -  
OGLE-LMC-CEP-0909  15.945 16.468   1.2203587 0.0000017  6000.00105  0.263  0.215 4.371  0.060 2.231  0.9768576 0.0000104  6000.21169  0.027  0.000   -    0.000   -  
OGLE-LMC-CEP-0983  18.131 18.715   0.3268180 0.0000008  6000.23717  0.128  0.257 1.381  0.189 5.439  0.2630244 0.0000019  6000.17083  0.037  0.000   -    0.000   -  
OGLE-LMC-CEP-1017  17.549 18.082   0.4454301 0.0000010  6000.08784  0.180  0.166 2.710  0.111 0.365  0.3582159 0.0000025  6000.02004  0.052  0.000   -    0.000   -  
OGLE-LMC-CEP-1023  16.911 17.418   0.5947306 0.0000014  6000.42867  0.278  0.207 3.573  0.118 0.786  0.4777080 0.0000054  6000.41918  0.050  0.085 4.809  0.097 4.398
OGLE-LMC-CEP-1026  17.495 17.991   0.4146589 0.0000005  6000.14635  0.227  0.066 2.950  0.060 5.894  0.3328464 0.0000034  6000.29645  0.020  0.000   -    0.000   -  
OGLE-LMC-CEP-1027  16.185 16.857   1.2180212 0.0000024  6001.17373  0.206  0.189 4.353  0.051 2.036  0.9755254 0.0000050  6000.77627  0.066  0.047   -    0.000   -  
OGLE-LMC-CEP-1032  16.331 16.920   1.0175721 0.0000017  6000.88746  0.246  0.219 4.194  0.057 2.132  0.8169703 0.0000035  6000.36090  0.077  0.093 5.228  0.000   -  
OGLE-LMC-CEP-1041  17.043 17.668   0.6815328 0.0000012  6000.09034  0.262  0.213 3.477  0.145 1.105  0.5497712 0.0000026  6000.42210  0.081  0.130 4.332  0.000   -  
OGLE-LMC-CEP-1054  16.980 17.595   0.6855513 0.0000016  6000.63752  0.213  0.197 3.610  0.117 1.437  0.5533771 0.0000042  6000.13199  0.051  0.122 3.640  0.000   -  
OGLE-LMC-CEP-1055  16.341 16.913   0.9804668 0.0000014  6000.19774  0.254  0.245 4.195  0.071 2.207  0.7884220 0.0000038  6000.04521  0.070  0.076 4.734  0.000   -  
OGLE-LMC-CEP-1063  16.995 17.603   0.6608607 0.0000012  6000.27900  0.212  0.185 3.346  0.118 1.153  0.5333655 0.0000029  6000.17387  0.060  0.125 4.719  0.000   -  
OGLE-LMC-CEP-1069  16.773    -     0.8178303 0.0000017  6000.75382  0.219  0.223 3.853  0.090 1.867   0.6594448 0.0000031  6000.26757  0.079  0.133 5.151  0.000   -  
OGLE-LMC-CEP-1099  16.931 17.446   0.6530590 0.0000033  6000.01252  0.199  0.263 3.674  0.091 1.605  0.5246710 0.0000136  6000.45952  0.057  0.249 0.086  0.171 6.265
OGLE-LMC-CEP-1102  17.540 18.155   0.4833313 0.0000006  6000.25058  0.291  0.227 3.211  0.147 0.744  0.3879483 0.0000041  6000.32914  0.030  0.000   -    0.000   -  
OGLE-LMC-CEP-1103  16.732 17.330   0.7576557 0.0000016  6000.19418  0.282  0.264 3.479  0.138 1.414  0.6100785 0.0000056  6000.49709  0.059  0.096 4.329  0.000   -  
OGLE-LMC-CEP-1105  16.003 16.659   1.2174971 0.0000031  6000.40563  0.227  0.209 4.191  0.061 2.110  0.9783653 0.0000079  6000.72644  0.058  0.000   -    0.000   -  
OGLE-LMC-CEP-1125  16.668 17.286   0.7683211 0.0000013  6000.48621  0.197  0.213 3.748  0.098 1.643  0.6203114 0.0000037  6000.29699  0.058  0.115 4.613  0.000   -  
OGLE-LMC-CEP-1151  16.231 16.826   1.0841119 0.0000040  6000.46905  0.235  0.223 4.190  0.057 2.085  0.8699690 0.0000087  6000.11958  0.074  0.075 5.311  0.068 2.217
OGLE-LMC-CEP-1152  16.419 17.306   0.6068357 0.0000009  6000.30867  0.153  0.249 3.422  0.118 0.919  0.4875589 0.0000040  6000.25882  0.024  0.000   -    0.000   -  
OGLE-LMC-CEP-1155  16.555 17.095   0.7786297 0.0000011  6000.59655  0.235  0.228 3.815  0.103 1.691  0.6269027 0.0000034  6000.24224  0.056  0.077 4.582  0.000   -  
OGLE-LMC-CEP-1171  16.691    -     0.7360061 0.0000013  6000.64560  0.225  0.193 3.657  0.095 1.288   0.5927253 0.0000037  6000.55918  0.052  0.000   -    0.000   -  
OGLE-LMC-CEP-1177  17.059 17.563   0.5577194 0.0000008  6000.18044  0.272  0.111 3.179  0.112 0.593  0.4493297 0.0000023  6000.31763  0.050  0.000   -    0.000   -  
OGLE-LMC-CEP-1179  17.411 17.874   0.4489892 0.0000009  6000.02177  0.189  0.203 2.801  0.137 0.720  0.3610057 0.0000036  6000.22490  0.035  0.000   -    0.000   -  
OGLE-LMC-CEP-1206  17.173 17.725   0.5262797 0.0000005  6000.07199  0.293  0.167 3.306  0.106 0.707  0.4228132 0.0000035  6000.13193  0.028  0.000   -    0.000   -  
OGLE-LMC-CEP-1228  16.801 17.416   0.7627967 0.0000049  6000.61922  0.138  0.151 3.890  0.000   -    0.6145961 0.0000170  6000.13819  0.016  0.259 5.354  0.000   -  
OGLE-LMC-CEP-1239  16.916 17.440   0.6330686 0.0000010  6000.47145  0.275  0.225 3.477  0.161 1.287  0.5101946 0.0000037  6000.11702  0.053  0.000   -    0.000   -  
OGLE-LMC-CEP-1291  17.331 17.846   0.4914133 0.0000006  6000.44331  0.287  0.196 3.423  0.102 0.876  0.3945625 0.0000030  6000.22045  0.035  0.000   -    0.000   -  
OGLE-LMC-CEP-1311  17.325 17.895   0.5048791 0.0000006  6000.35497  0.244  0.254 3.187  0.153 1.075  0.4060174 0.0000021  6000.00635  0.047  0.000   -    0.000   -  
OGLE-LMC-CEP-1343  16.009 16.528   1.0988343 0.0000031  6000.04243  0.260  0.230 4.242  0.055 2.024  0.8822918 0.0000129  6000.84380  0.048  0.064 0.121  0.000   -  
OGLE-LMC-CEP-1347  16.404 17.086   0.6900147 0.0000010  6000.16467  0.196  0.245 3.419  0.162 1.150  0.5555971 0.0000040  6000.08123  0.034  0.000   -    0.000   -  
OGLE-LMC-CEP-1352  15.908 16.490   1.1985109 0.0000023  6000.55247  0.257  0.213 4.332  0.053 1.978  0.9600838 0.0000097  6000.74981  0.040  0.000   -    0.000   -  
OGLE-LMC-CEP-1358  17.611 18.082   0.3703365 0.0000004  6000.26325  0.237  0.145 2.519  0.125 6.076  0.2974192 0.0000023  6000.12120  0.026  0.000   -    0.000   -  
OGLE-LMC-CEP-1384  16.925 17.500   0.6651843 0.0000011  6000.04086  0.233  0.182 3.318  0.157 0.923  0.5363778 0.0000023  6000.02517  0.066  0.112 4.145  0.000   -  
OGLE-LMC-CEP-1385  16.395 16.940   0.9347598 0.0000015  6000.19830  0.333  0.256 4.009  0.083 1.836  0.7516197 0.0000063  6000.31446  0.059  0.067 5.106  0.067   -  
OGLE-LMC-CEP-1400  16.578 17.253   0.7654697 0.0000015  6000.55970  0.195  0.236 3.591  0.139 1.450  0.6176793 0.0000029  6000.00926  0.064  0.131 4.285  0.000   -  
OGLE-LMC-CEP-1402  16.876 17.450   0.6736444 0.0000010  6000.29841  0.241  0.231 3.572  0.145 1.418  0.5434110 0.0000034  6000.02221  0.054  0.000   -    0.000   -  
OGLE-LMC-CEP-1408  18.082 18.626   0.3165895 0.0000011  6000.16432  0.070  0.255 1.332  0.000   -    0.2547909 0.0000022  6000.17563  0.026  0.000   -    0.000   -  
OGLE-LMC-CEP-1432  16.415    -     0.8987130 0.0000031  6000.02909  0.321  0.255 4.063  0.058 1.596   0.7227876 0.0000121  6000.58544  0.072  0.000   -    0.000   -  
OGLE-LMC-CEP-1447  16.899 17.569   0.7479110 0.0000013  6000.02324  0.216  0.224 3.757  0.122 1.572  0.6014474 0.0000030  6000.07125  0.068  0.077 4.623  0.000   -  
OGLE-LMC-CEP-1448  16.802    -     0.7115470 0.0000038  6000.66626  0.203  0.213 3.558  0.121 1.443   0.5741983 0.0000092  6000.56356  0.065  0.000   -    0.000   -  
OGLE-LMC-CEP-1464  16.122 16.683   1.1542835 0.0000015  6000.90732  0.239  0.218 4.378  0.053 2.050  0.9293679 0.0000064  6000.75612  0.039  0.000   -    0.000   -  
OGLE-LMC-CEP-1471  17.262 17.869   0.6524182 0.0000014  6000.37575  0.175  0.207 3.372  0.111 1.286  0.5269394 0.0000036  6000.15540  0.045  0.000   -    0.000   -  
OGLE-LMC-CEP-1473  16.096 16.721   1.1806910 0.0000019  6000.13879  0.225  0.240 4.239  0.065 2.009  0.9485919 0.0000037  6000.63081  0.083  0.072 5.018  0.000   -  
OGLE-LMC-CEP-1477  16.440 17.056   0.9402679 0.0000026  6000.10742  0.182  0.226 3.983  0.071 1.755  0.7569937 0.0000057  6000.30571  0.054  0.147 4.655  0.000   -  
OGLE-LMC-CEP-1485  16.323 16.912   1.0223571 0.0000015  6000.19493  0.251  0.245 4.152  0.071 2.041  0.8211911 0.0000038  6000.19295  0.073  0.079 5.192  0.000   -  
OGLE-LMC-CEP-1487  16.737 17.210   0.6297719 0.0000008  6000.42494  0.235  0.189 3.381  0.148 1.166  0.5072156 0.0000026  6000.18651  0.052  0.078   -    0.000   -  
OGLE-LMC-CEP-1540  17.054 17.663   0.5867864 0.0000007  6000.40229  0.217  0.179 2.791  0.173 0.660  0.4734452 0.0000022  6000.40673  0.051  0.000   -    0.000   -  
OGLE-LMC-CEP-1542  17.544 18.047   0.4099964 0.0000004  6000.40927  0.289  0.104 2.892  0.101 0.103  0.3291527 0.0000018  6000.06470  0.040  0.000   -    0.000   -  
OGLE-LMC-CEP-1554  16.929 17.477   0.6212447 0.0000008  6000.48001  0.247  0.207 3.135  0.173 0.943  0.5009759 0.0000025  6000.13923  0.056  0.099 4.304  0.000   -  
OGLE-LMC-CEP-1562  16.312 16.773   0.8495111 0.0000010  6000.62486  0.352  0.280 3.955  0.113 1.880  0.6842576 0.0000050  6000.25882  0.051  0.000   -    0.108 3.495
OGLE-LMC-CEP-1586  16.903 17.444   0.6052584 0.0000009  6000.46947  0.207  0.191 3.079  0.150 1.140  0.4882524 0.0000028  6000.18313  0.049  0.000   -    0.000   -  
OGLE-LMC-CEP-1613  16.835    -     0.5147821 0.0000013  6000.09715  0.203  0.113 3.620  0.089 1.130   0.4133885 0.0000038  6000.26160  0.043  0.000   -    0.000   -  
OGLE-LMC-CEP-1618  17.615 18.136   0.4035401 0.0000006  6000.00230  0.223  0.246 2.664  0.166 0.329  0.3240917 0.0000023  6000.23273  0.038  0.000   -    0.000   -  
OGLE-LMC-CEP-1635  15.827 16.430   1.3415410 0.0000026  6000.51871  0.208  0.176 4.161  0.042 2.127  1.0749326 0.0000062  6000.05096  0.058  0.057 5.356  0.000   -  
OGLE-LMC-CEP-1673  16.274    -     1.0812781 0.0000019  6000.46460  0.316  0.211 4.767  0.055 1.884  0.8673206 0.0000177  6000.56250  0.070  0.054 5.844  0.000   -  
OGLE-LMC-CEP-1681  16.417 17.003   0.8962952 0.0000026  6000.29919  0.206  0.210 3.989  0.056 1.672  0.7220674 0.0000067  6000.62845  0.054  0.000   -    0.000   -  
OGLE-LMC-CEP-1689  16.732 17.408   0.8094614 0.0000011  6000.08737  0.220  0.220 3.754  0.095 1.678  0.6526596 0.0000026  6000.43188  0.078  0.116 4.256  0.000   -  
OGLE-LMC-CEP-1699  16.641 17.255   0.8242966 0.0000015  6000.22803  0.202  0.212 3.839  0.086 1.899  0.6650513 0.0000099  6000.57514  0.023  0.000   -    0.000   -  
OGLE-LMC-CEP-1708  18.177 18.693   0.2419866 0.0000004  6000.07928  0.195  0.105 3.104  0.000   -    0.1943227 0.0000010  6000.17980  0.043  0.000   -    0.000   -  
OGLE-LMC-CEP-1731  16.185 16.763   1.0812667 0.0000017  6001.01699  0.220  0.233 4.195  0.055 1.880  0.8676881 0.0000037  6000.15239  0.065  0.075 4.920  0.000   -  
OGLE-LMC-CEP-1733  17.623 18.218   0.3896254 0.0000005  6000.27287  0.228  0.233 2.871  0.163 0.491  0.3128949 0.0000021  6000.27796  0.037  0.186   -    0.000   -  
OGLE-LMC-CEP-1734  17.024 17.556   0.5901290 0.0000009  6000.40483  0.162  0.192 3.268  0.116 1.239  0.4745199 0.0000024  6000.28939  0.041  0.114 4.407  0.000   -  
OGLE-LMC-CEP-1816  16.418 17.056   0.9201322 0.0000014  6000.30790  0.235  0.239 4.044  0.086 1.841  0.7400374 0.0000032  6000.09917  0.064  0.056 4.456  0.000   -  
OGLE-LMC-CEP-1823  16.540    -     0.7833734 0.0000067  6000.23594  0.206  0.166 3.608  0.147 1.584   0.6311785 0.0000243  6000.03110  0.046  0.000   -    0.000   -  
OGLE-LMC-CEP-1855  16.528 17.137   0.8348337 0.0000013  6000.14220  0.197  0.210 3.449  0.110 1.233  0.6733080 0.0000026  6000.31782  0.069  0.089 4.186  0.000   -  
OGLE-LMC-CEP-1859  15.932 16.567   1.3479124 0.0000020  6000.79578  0.251  0.185 4.358  0.053 2.332  1.0758659 0.0000119  6000.20119  0.029  0.000   -    0.000   -  
OGLE-LMC-CEP-1863  16.901 17.556   0.7158740 0.0000014  6000.44947  0.203  0.177 3.572  0.104 1.481  0.5779897 0.0000032  6000.36127  0.071  0.065   -    0.000   -  
OGLE-LMC-CEP-1869  18.010 18.518   0.2930056 0.0000005  6000.06362  0.160  0.156 1.630  0.095 5.686  0.2350399 0.0000019  6000.17211  0.027  0.000   -    0.000   -  
OGLE-LMC-CEP-1886  16.325 16.875   0.8897622 0.0000013  6000.83755  0.160  0.153 3.866  0.029 1.815  0.7158284 0.0000035  6000.67014  0.039  0.000   -    0.000   -  
OGLE-LMC-CEP-1934  16.663 17.529   1.2951207 0.0000028  6001.25527  0.198  0.168 4.314  0.032 2.240  1.0366906 0.0000094  6000.37859  0.039  0.000   -    0.000   -  
OGLE-LMC-CEP-1966  16.806 17.332   0.6465454 0.0000007  6000.17160  0.216  0.145 3.517  0.056 0.945  0.5204352 0.0000025  6000.02500  0.040  0.000   -    0.000   -  
OGLE-LMC-CEP-1979  16.708 17.319   0.7408537 0.0000010  6000.09153  0.254  0.232 3.590  0.110 1.580  0.5952064 0.0000029  6000.26477  0.069  0.000   -    0.000   -  
OGLE-LMC-CEP-1980  16.708 17.259   0.7292562 0.0000015  6000.34263  0.210  0.227 3.636  0.116 1.461  0.5884593 0.0000040  6000.03125  0.057  0.077 3.857  0.000   -  
OGLE-LMC-CEP-1992  17.433 17.833   0.3470687 0.0000005  6000.13820  0.135  0.214 2.194  0.166 6.022  0.2786860 0.0000031  6000.24662  0.017  0.000   -    0.000   -  
OGLE-LMC-CEP-2009  17.050 18.011   0.9493501 0.0000035  6000.93423  0.208  0.189 4.146  0.041 2.013  0.7641470 0.0000074  6000.71717  0.065  0.125 5.478  0.000   -  
OGLE-LMC-CEP-2010  16.951 17.512   0.6007562 0.0000013  6000.54140  0.207  0.193 3.234  0.125 1.007  0.4845527 0.0000052  6000.44067  0.039  0.000   -    0.000   -  
OGLE-LMC-CEP-2020  16.282 16.833   1.0165652 0.0000044  6000.48011  0.268  0.235 4.301  0.045 2.059  0.8172808 0.0000066  6000.49269  0.014  0.364 6.099  0.000   -  
OGLE-LMC-CEP-2025  16.807    -     0.7109426 0.0000026  6000.14241  0.242  0.265 3.704  0.144 1.815   0.5732392 0.0000057  6000.21103  0.077  0.303 5.341  0.000   -  
OGLE-LMC-CEP-2045  16.785 17.402   0.6329852 0.0000008  6000.27771  0.241  0.215 3.196  0.174 0.908  0.5101221 0.0000025  6000.04478  0.060  0.000   -    0.000   -  
OGLE-LMC-CEP-2048  18.220 18.759   0.2838145 0.0000006  6000.00484  0.134  0.163 6.172  0.094   -    0.2286061 0.0000013  6000.15096  0.041  0.000   -    0.000   -  
OGLE-LMC-CEP-2070  16.972 17.503   0.5877333 0.0000008  6000.36184  0.192  0.099 3.525  0.000   -    0.4733434 0.0000035  6000.22997  0.030  0.000   -    0.000   -  
OGLE-LMC-CEP-2072  16.710 17.241   0.7380497 0.0000015  6000.42112  0.310  0.263 3.877  0.106 1.984  0.5943499 0.0000058  6000.08305  0.064  0.000   -    0.000   -  
OGLE-LMC-CEP-2087  17.320 17.945   0.5205094 0.0000003  6000.35025  0.230  0.182 2.808  0.147 0.525  0.4186543 0.0000013  6000.17511  0.066  0.000   -    0.000   -  
OGLE-LMC-CEP-2089  16.854 17.413   0.6603967 0.0000008  6000.01702  0.251  0.221 3.533  0.134 1.318  0.5322776 0.0000029  6000.22632  0.051  0.116 4.170  0.000   -  
OGLE-LMC-CEP-2098  17.157 18.012   0.7671432 0.0000013  6000.71759  0.242  0.241 3.804  0.123 1.722  0.6183256 0.0000025  6000.06361  0.081  0.113 4.613  0.000   -  
OGLE-LMC-CEP-2110  16.272 16.896   1.0919469 0.0000064  6001.04481  0.207  0.202 4.185  0.058 1.518  0.8760016 0.0000135  6000.58927  0.073  0.084 4.546  0.081 5.336
OGLE-LMC-CEP-2131  16.997 17.628   0.6684731 0.0000008  6000.48110  0.264  0.202 3.478  0.151 1.118  0.5390981 0.0000023  6000.48805  0.072  0.093 4.072  0.000   -  
OGLE-LMC-CEP-2167  16.866 17.527   0.7240926 0.0000010  6000.69037  0.194  0.209 3.408  0.145 1.419  0.5845954 0.0000033  6000.58237  0.039  0.000   -    0.000   -  
OGLE-LMC-CEP-2173  17.546 18.368   0.5840512 0.0000012  6000.19458  0.235  0.165 2.637  0.165 0.594  0.4712554 0.0000034  6000.43507  0.052  0.000   -    0.000   -  
OGLE-LMC-CEP-2175  16.475    -     0.9325669 0.0000055  6000.74522  0.209  0.154 4.025  0.000   -    0.7513702 0.0000017  6000.06008  0.040  0.000   -    0.000   -  
OGLE-LMC-CEP-2220  17.391 18.185   0.6554949 0.0000014  6000.50583  0.233  0.220 3.416  0.150 1.147  0.5291196 0.0000037  6000.04583  0.060  0.099 4.097  0.000   -  
OGLE-LMC-CEP-2260  16.275 17.010   1.1863808 0.0000018  6000.49272  0.244  0.202 4.369  0.052 2.078  0.9526887 0.0000046  6000.32966  0.065  0.000   -    0.000   -  
OGLE-LMC-CEP-2328  16.332 16.901   0.9519861 0.0000026  6000.00883  0.212  0.211 4.101  0.065 2.278  0.7659864 0.0000074  6000.17554  0.058  0.068 5.205  0.000   -  
OGLE-LMC-CEP-2333  15.988 16.598   1.3230128 0.0000029  6000.76179  0.210  0.169 4.371  0.032 2.195  1.0559104 0.0000114  6000.47411  0.034  0.000   -    0.000   -  
OGLE-LMC-CEP-2345  18.120 18.656   0.3021728 0.0000005  6000.09530  0.204  0.086 4.240  0.000   -    0.2428015 0.0000030  6000.07488  0.020  0.000   -    0.000   -  
OGLE-LMC-CEP-2346  17.167 17.789   0.6289633 0.0000010  6000.58638  0.236  0.217 3.290  0.162 1.172  0.5072587 0.0000031  6000.46177  0.055  0.121 4.383  0.000   -  
OGLE-LMC-CEP-2390  17.152    -     0.5900934 0.0000093  6000.04789  0.129  0.258 2.790  0.000   -    0.4760639 0.0000000  6000.23886  0.024  0.000   -    0.000   -  
OGLE-LMC-CEP-2415  16.456 17.059   0.9149401 0.0000018  6000.42612  0.224  0.198 4.013  0.079 1.990  0.7363404 0.0000044  6000.55576  0.067  0.093 4.765  0.000   -  
OGLE-LMC-CEP-2431  17.811 18.634   0.4988898 0.0000011  6000.46072  0.192  0.164 1.854  0.153 6.280  0.4022756 0.0000031  6000.00113  0.041  0.000   -    0.000   -  
OGLE-LMC-CEP-2436  16.754 17.352   0.7912857 0.0000009  6000.02348  0.301  0.247 3.823  0.090 1.680  0.6371325 0.0000032  6000.01954  0.059  0.000   -    0.000   -  
OGLE-LMC-CEP-2438  16.719 17.301   0.7498324 0.0000014  6000.25178  0.278  0.234 3.803  0.132 1.802  0.6036927 0.0000053  6000.00036  0.061  0.114 4.058  0.071   -  
OGLE-LMC-CEP-2442  16.541 17.168   0.8566789 0.0000024  6000.29501  0.235  0.224 3.965  0.098 2.049  0.6892966 0.0000089  6000.10749  0.046  0.000   -    0.171 4.063
OGLE-LMC-CEP-2469  16.821 17.471   0.7048442 0.0000009  6000.22492  0.257  0.228 3.593  0.161 1.328  0.5683794 0.0000025  6000.46970  0.066  0.093 4.050  0.000   -  
OGLE-LMC-CEP-2486  16.902 17.600   0.7914060 0.0000011  6000.45481  0.227  0.225 3.878  0.096 1.797  0.6378615 0.0000022  6000.04609  0.077  0.119 4.780  0.000   -  
OGLE-LMC-CEP-2496  16.760 17.361   0.7402630 0.0000012  6000.54694  0.202  0.217 3.494  0.140 1.401  0.5972129 0.0000059  6000.32270  0.027  0.000   -    0.000   -  
OGLE-LMC-CEP-2529  18.382 18.984   0.2483911 0.0000007  6000.08435  0.104  0.176 6.056  0.126 3.795  0.1991337 0.0000013  6000.03089  0.025  0.000   -    0.000   -  
OGLE-LMC-CEP-2548  16.850 17.491   0.7300886 0.0000010  6000.59898  0.213  0.194 3.762  0.084 1.634  0.5889732 0.0000028  6000.42170  0.051  0.000   -    0.000   -  
OGLE-LMC-CEP-2578  16.589 17.107   0.7278486 0.0000009  6000.07330  0.331  0.209 3.753  0.097 1.422  0.5863133 0.0000035  6000.41382  0.051  0.000   -    0.000   -  
OGLE-LMC-CEP-2579  17.125 17.677   0.5410639 0.0000007  6000.24097  0.229  0.164 2.577  0.193 0.473  0.4368537 0.0000023  6000.09897  0.050  0.000   -    0.000   -  
OGLE-LMC-CEP-2656  16.596 17.654   1.3528838 0.0000040  6000.03298  0.196  0.154 4.587  0.029 2.634  1.0807492 0.0000181  6000.66390  0.030  0.000   -    0.000   -  
OGLE-LMC-CEP-2670  17.220 17.985   0.6688392 0.0000012  6000.42878  0.253  0.231 3.482  0.137 1.376  0.5388660 0.0000039  6000.46219  0.049  0.000   -    0.000   -  
OGLE-LMC-CEP-2678  16.642 17.230   0.7378383 0.0000009  6000.43819  0.270  0.206 3.564  0.107 1.258  0.5944585 0.0000038  6000.12506  0.045  0.000   -    0.000   -  
OGLE-LMC-CEP-2746  16.515 17.124   0.8078276 0.0000009  6000.75248  0.303  0.230 3.720  0.097 1.456  0.6502573 0.0000042  6000.47377  0.046  0.000   -    0.000   -  
OGLE-LMC-CEP-2752  18.183 19.627   0.8335403 0.0000034  6000.49472  0.221  0.249 3.962  0.079 1.967  0.6712526 0.0000084  6000.05438  0.061  0.000   -    0.000   -  
OGLE-LMC-CEP-2754  15.927 16.223   1.2540232 0.0000082  6000.98831  0.159  0.152 4.289  0.046 2.948  1.0046414 0.0000167  6000.02932  0.033  0.000   -    0.000   -  
OGLE-LMC-CEP-2756  17.107 17.796   0.6110260 0.0000013  6000.32760  0.229  0.214 3.446  0.110 1.437  0.4912445 0.0000059  6000.26192  0.046  0.000   -    0.000   -  
OGLE-LMC-CEP-2776  16.470 17.116   0.9357779 0.0000033  6000.68316  0.222  0.229 3.998  0.060 1.776  0.7528671 0.0000083  6000.14870  0.064  0.065   -    0.062 2.200
OGLE-LMC-CEP-2906  16.520 17.281   1.0117020 0.0000018  6000.01754  0.235  0.230 4.005  0.092 1.947  0.8129138 0.0000041  6000.41491  0.073  0.107 4.777  0.000   -  
OGLE-LMC-CEP-2945  16.970 17.593   0.6370773 0.0000013  6000.30921  0.274  0.224 3.580  0.165 1.263  0.5135884 0.0000045  6000.50249  0.069  0.195 4.556  0.000   -  
OGLE-LMC-CEP-2960  17.569 18.135   0.4163658 0.0000006  6000.25162  0.191  0.063 3.481  0.000   -    0.3349471 0.0000017  6000.30352  0.041  0.000   -    0.000   -  
OGLE-LMC-CEP-2973  17.181 17.949   0.6055581 0.0000009  6000.07350  0.326  0.231 3.602  0.115 1.166  0.4869945 0.0000071  6000.15957  0.029  0.000   -    0.000   -  
OGLE-LMC-CEP-2974  17.107 17.932   0.7343865 0.0000019  6000.19696  0.185  0.211 3.338  0.115 1.456  0.5924969 0.0000051  6000.17841  0.049  0.000   -    0.000   -  
OGLE-LMC-CEP-2978  16.127 16.798   1.2361206 0.0000030  6000.88138  0.173  0.160 4.079  0.036 1.807  0.9890026 0.0000062  6000.69431  0.053  0.000   -    0.000   -  
OGLE-LMC-CEP-2988  17.767 18.339   0.3662076 0.0000003  6000.27911  0.310  0.048 4.300  0.061 5.461  0.2946244 0.0000030  6000.18778  0.019  0.000   -    0.000   -  
OGLE-LMC-CEP-3000  16.737 17.301   0.7056372 0.0000010  6000.59548  0.307  0.210 3.641  0.124 1.316  0.5682565 0.0000033  6000.37605  0.057  0.000   -    0.000   -  
OGLE-LMC-CEP-3020  16.934 17.561   0.6863273 0.0000010  6000.56093  0.198  0.209 3.540  0.105 1.419  0.5515028 0.0000021  6000.46868  0.074  0.111 4.223  0.000   -  
OGLE-LMC-CEP-3023  17.934 18.710   0.3981143 0.0000008  6000.14537  0.183  0.207 1.842  0.189 0.055  0.3206297 0.0000022  6000.29130  0.041  0.000   -    0.000   -  
OGLE-LMC-CEP-3034  16.302 17.005   1.1831585 0.0000022  6000.36729  0.237  0.200 4.420  0.053 2.237  0.9468741 0.0000056  6000.71636  0.061  0.079 5.563  0.000   -  
OGLE-LMC-CEP-3076  16.928 17.538   0.6518579 0.0000013  6000.38018  0.275  0.212 3.539  0.132 1.206  0.5253100 0.0000041  6000.11525  0.062  0.098   -    0.000   -  
OGLE-LMC-CEP-3081  18.206 18.877   0.3365597 0.0000009  6000.24823  0.133  0.188 1.961  0.000   -    0.2701873 0.0000027  6000.00905  0.030  0.000   -    0.000   -  
OGLE-LMC-CEP-3106  16.311 17.078   1.1196713 0.0000056  6001.10758  0.173  0.196 4.112  0.042   -    0.8965602 0.0000126  6000.11284  0.047  0.000   -    0.000   -  
OGLE-LMC-CEP-3108  16.734 17.459   0.9600972 0.0000030  6000.64168  0.225  0.210 4.135  0.046 2.276  0.7723413 0.0000063  6000.68194  0.080  0.162 5.127  0.000   -  
OGLE-LMC-CEP-3114  18.392 19.278   0.3304475 0.0000006  6000.08607  0.243  0.120 2.382  0.131 6.060  0.2652952 0.0000030  6000.14390  0.030  0.000   -    0.000   -  
OGLE-LMC-CEP-3115  16.056 16.660   1.2383878 0.0000022  6000.47830  0.254  0.238 4.660  0.058 2.213  0.9943846 0.0000058  6000.45983  0.069  0.000   -    0.000   -  
OGLE-LMC-CEP-3149  16.667 17.291   0.7376427 0.0000031  6000.05712  0.172  0.185 3.485  0.046 1.203  0.5940828 0.0000133  6000.25984  0.041  0.390 0.138  0.318 0.551
OGLE-LMC-CEP-3164  16.614 17.247   0.8598052 0.0000023  6000.03799  0.259  0.246 4.056  0.093 2.003  0.6921481 0.0000053  6000.40085  0.087  0.095 5.196  0.071 5.223
OGLE-LMC-CEP-3172  16.584 17.218   0.8715048 0.0000011  6000.52420  0.284  0.266 3.981  0.095 1.980  0.7011007 0.0000031  6000.18879  0.078  0.101 5.132  0.000   -  
OGLE-LMC-CEP-3175  16.385 17.130   1.0152956 0.0000072  6000.55358  0.195  0.207 3.913  0.102 1.400  0.8140414 0.0000145  6000.24022  0.067  0.127 5.395  0.079 5.333
OGLE-LMC-CEP-3178  16.258 16.941   1.1794137 0.0000024  6000.15382  0.249  0.206 4.424  0.067 2.149  0.9441731 0.0000060  6000.41861  0.066  0.000   -    0.000   -  
OGLE-LMC-CEP-3180  17.082 17.902   0.7416810 0.0000012  6000.18193  0.253  0.231 3.581  0.102 1.422  0.5963934 0.0000040  6000.09794  0.047  0.000   -    0.000   -  
OGLE-LMC-CEP-3199  17.260 17.877   0.5321331 0.0000008  6000.04522  0.230  0.135 2.454  0.126 0.468  0.4292548 0.0000031  6000.01161  0.036  0.000   -    0.000   -  
OGLE-LMC-CEP-3224  16.930 17.558   0.6406804 0.0000011  6000.11067  0.228  0.202 3.298  0.144 1.237  0.5163735 0.0000031  6000.11969  0.050  0.000   -    0.000   -  
OGLE-LMC-CEP-3233  16.428 17.089   0.9636737 0.0000022  6000.79032  0.183  0.203 3.799  0.067 1.789  0.7751700 0.0000040  6000.38407  0.070  0.082 4.826  0.000   -  
OGLE-LMC-CEP-3234  15.604 16.111   1.2517810 0.0000030  6000.77936  0.292  0.261 3.976  0.085 1.708  1.0087563 0.0000142  6000.00117  0.041  0.000   -    0.000   -  
OGLE-LMC-CEP-3235  16.776 17.410   0.7463452 0.0000013  6000.03515  0.222  0.205 3.876  0.124 1.849  0.6020138 0.0000043  6000.03539  0.049  0.000   -    0.000   -  
OGLE-LMC-CEP-3237  17.032 17.580   0.5539286 0.0000005  6000.16167  0.320  0.162 3.502  0.102 0.816  0.4450412 0.0000031  6000.27049  0.035  0.000   -    0.000   -  
OGLE-LMC-CEP-3239  17.439 18.029   0.4449474 0.0000006  6000.27540  0.279  0.195 2.999  0.144 0.472  0.3576448 0.0000036  6000.23581  0.032  0.000   -    0.000   -  
OGLE-LMC-CEP-3240  16.888 17.553   0.6589266 0.0000010  6000.41491  0.215  0.188 3.337  0.143 1.189  0.5319428 0.0000031  6000.05089  0.058  0.000   -    0.000   -  
OGLE-LMC-CEP-3250  16.736 17.393   0.8138863 0.0000017  6000.37236  0.266  0.245 3.926  0.091 1.723  0.6545702 0.0000038  6000.53683  0.080  0.093 4.284  0.000   -  
OGLE-LMC-CEP-3269  16.493 17.117   0.8906851 0.0000026  6000.70288  0.215  0.253 3.815  0.101 1.717  0.7169072 0.0000055  6000.39085  0.077  0.000   -    0.000   -  
OGLE-LMC-CEP-3287  16.426    -     0.6529154 0.0000012  6000.53586  0.191  0.203 3.395  0.106 1.455  0.5272895 0.0000037  6000.47753  0.043  0.130 4.563  0.109 4.695
OGLE-LMC-CEP-3290  16.392 16.908   0.8934255 0.0000027  6000.63575  0.318  0.274 4.340  0.106 2.450  0.7192473 0.0000076  6000.15485  0.078  0.212 5.610  0.000   -  
OGLE-LMC-CEP-3295  17.195 17.698   0.4527920 0.0000004  6000.34870  0.263  0.121 3.149  0.086 0.042  0.3640185 0.0000026  6000.16521  0.027  0.000   -    0.000   -  
OGLE-LMC-CEP-3336  16.170 16.718   1.0889356 0.0000056  6000.81602  0.221  0.166 4.300  0.057 1.869  0.8738457 0.0000148  6000.10145  0.062  0.000   -    0.080 2.901
OGLE-LMC-CEP-3343  16.050 16.671   1.1503822 0.0000025  6000.24561  0.235  0.233 4.274  0.062 1.961  0.9221102 0.0000062  6000.72198  0.067  0.076 5.030  0.000   -  
OGLE-LMC-CEP-3347  16.596 17.174   0.7580546 0.0000025  6000.57303  0.220  0.172 3.503  0.067 1.931  0.6102047 0.0000065  6000.10437  0.057  0.124 5.300  0.000   -  
OGLE-LMC-CEP-3348  17.207 17.851   0.5310987 0.0000009  6000.16200  0.205  0.148 2.609  0.140 0.378  0.4284887 0.0000031  6000.35571  0.036  0.000   -    0.000   -  
OGLE-LMC-CEP-3350  17.256 17.746   0.4762982 0.0000009  6000.36921  0.272  0.149 3.288  0.119 0.419  0.3826790 0.0000039  6000.06437  0.037  0.000   -    0.000   -  
OGLE-LMC-CEP-3358  16.436 17.072   0.9063128 0.0000020  6000.32127  0.205  0.232 3.875  0.087 1.763  0.7299249 0.0000033  6000.45985  0.082  0.126 4.908  0.000   -  
OGLE-LMC-CEP-3361  16.407 16.945   0.9129802 0.0000031  6000.09013  0.301  0.234 4.211  0.071 2.354  0.7341296 0.0000151  6000.28046  0.043  0.000   -    0.158 1.140
OGLE-LMC-CEP-3364  18.037 18.631   0.3375311 0.0000006  6000.19483  0.159  0.191 1.470  0.157 5.449  0.2714639 0.0000023  6000.13064  0.028  0.000   -    0.000   -  
OGLE-LMC-CEP-3367  18.667 19.149   0.2204188 0.0000003  6000.18525  0.258  0.193 4.987  0.000   -    0.1783402 0.0000011  6000.09404  0.024  0.859   -    0.000   -  
OGLE-LMC-CEP-3395  16.751 17.552   0.9194680 0.0000029  6000.73642  0.209  0.233 4.060  0.075 2.043  0.7401566 0.0000088  6000.61416  0.043  0.095 4.932  0.000   -  
OGLE-LMC-CEP-3398  16.994 17.644   0.6686283 0.0000010  6000.50998  0.337  0.259 3.805  0.123 1.543  0.5382269 0.0000033  6000.04767  0.075  0.000   -    0.000   -  
OGLE-LMC-CEP-3400  16.810 17.361   0.6877532 0.0000011  6000.45461  0.258  0.188 3.308  0.161 0.928  0.5552975 0.0000035  6000.15985  0.058  0.000   -    0.000   -  
OGLE-LMC-CEP-3401  16.515 17.117   0.9817637 0.0000026  6000.88830  0.248  0.252 4.233  0.070 2.266  0.7894505 0.0000062  6000.13602  0.073  0.091 5.731  0.000   -  
OGLE-LMC-CEP-3404  16.009 16.646   1.2554607 0.0000085  6001.18596  0.186  0.172 4.030  0.050 3.777  1.0088215 0.0000232  6000.20116  0.055  0.136 4.050  0.000   -  
OGLE-LMC-CEP-3406  16.990 17.635   0.6600542 0.0000009  6000.30103  0.288  0.213 3.645  0.125 1.438  0.5316451 0.0000039  6000.14387  0.052  0.000   -    0.000   -  
OGLE-LMC-CEP-3413  16.266 16.832   1.0136259 0.0000041  6000.11943  0.242  0.264 4.171  0.090 2.244  0.8135978 0.0000105  6000.60947  0.068  0.000   -    0.097 3.582
OGLE-LMC-CEP-3414  16.486 16.992   0.8424976 0.0000024  6000.76120  0.298  0.257 3.994  0.107 1.989  0.6778236 0.0000113  6000.30053  0.052  0.220 4.139  0.000   -  
OGLE-LMC-CEP-3440  18.629 19.165   0.2445998 0.0000004  6000.03316  0.210  0.234 4.914  0.000   -    0.1973988 0.0000010  6000.18210  0.060  0.000   -    0.000   -  
OGLE-LMC-CEP-3455  16.324 16.890   1.0010644 0.0000022  6000.35726  0.235  0.268 4.019  0.095 1.955  0.8037613 0.0000045  6000.32324  0.084  0.146 4.980  0.000   -  
OGLE-LMC-CEP-3479  16.846 17.331   0.5922761 0.0000010  6000.26373  0.267  0.169 3.215  0.120 1.008  0.4770741 0.0000043  6000.34277  0.048  0.000   -    0.129   -  
OGLE-LMC-CEP-3488  17.679 18.285   0.4301797 0.0000007  6000.18101  0.240  0.200 2.942  0.170 0.753  0.3460287 0.0000028  6000.34598  0.037  0.000   -    0.000   -  
OGLE-LMC-CEP-3489  16.327 16.945   1.0268391 0.0000175  6000.19452  0.237  0.263 4.044  0.136 2.013  0.8252179 0.0000415  6000.74565  0.087  0.228 0.138  0.193 0.153
OGLE-LMC-CEP-3531  16.923 17.563   0.6623364 0.0000077  6000.05436  0.257  0.177 2.768  0.237 0.744  0.5347283 0.0000176  6000.38945  0.048  0.000   -    0.000   -  
OGLE-LMC-CEP-3547  17.069 17.357   0.6759247 0.0000023  6000.33656  0.197  0.163 4.462  0.000   -    0.5465586 0.0000066  6000.03975  0.047  0.000   -    0.000   -  
OGLE-LMC-CEP-3591  17.577 18.219   0.4520295 0.0000006  6000.06688  0.247  0.182 2.198  0.186 0.197  0.3641424 0.0000024  6000.05075  0.040  0.000   -    0.000   -  
OGLE-LMC-CEP-3612  16.553 17.105   0.7051633 0.0000010  6000.19543  0.278  0.177 2.959  0.158 0.662  0.5693633 0.0000045  6000.19689  0.042  0.000   -    0.103   -  
OGLE-LMC-CEP-3615  17.824 18.335   0.3206444 0.0000004  6000.09636  0.180  0.091 4.307  0.000   -    0.2579831 0.0000021  6000.05813  0.023  0.000   -    0.000   -  
OGLE-LMC-CEP-3635  16.366 17.062   1.0632093 0.0000023  6001.05974  0.240  0.219 4.205  0.052 1.919  0.8532239 0.0000047  6000.01474  0.083  0.093 5.135  0.000   -  
OGLE-LMC-CEP-3642  16.602 17.250   0.6907573 0.0000017  6000.59482  0.186  0.187 3.427  0.130 1.214  0.5574669 0.0000037  6000.40692  0.064  0.157 4.557  0.000   -  
OGLE-LMC-CEP-3652  16.630 17.118   0.6765287 0.0000006  6000.59857  0.336  0.169 3.505  0.113 0.839  0.5447052 0.0000026  6000.45696  0.054  0.000   -    0.000   -  
OGLE-LMC-CEP-3654  16.879 17.485   0.6958462 0.0000010  6000.45245  0.239  0.188 3.344  0.146 1.057  0.5621112 0.0000027  6000.04343  0.061  0.098 4.091  0.000   -  
OGLE-LMC-CEP-3661  16.868 17.403   0.6650185 0.0000015  6000.30669  0.236  0.202 3.405  0.134 1.032  0.5367534 0.0000028  6000.46775  0.078  0.111 4.567  0.000   -  
OGLE-LMC-CEP-3666  17.400 17.916   0.4187713 0.0000005  6000.07350  0.226  0.048 3.457  0.053 6.070  0.3369078 0.0000031  6000.10534  0.024  0.000   -    0.000   -  
OGLE-LMC-CEP-3699  15.881 16.403   1.2327808 0.0000026  6000.40538  0.226  0.212 4.387  0.061 2.365  0.9870949 0.0000064  6000.43367  0.065  0.000   -    0.000   -  
OGLE-LMC-CEP-3717  16.098 16.639   1.1325526 0.0000054  6000.68241  0.235  0.215 4.224  0.054 2.178  0.9084512 0.0000121  6000.75799  0.070  0.083 4.532  0.111 4.430
OGLE-LMC-CEP-3725  16.948 17.527   0.6568354 0.0000015  6000.22577  0.249  0.225 3.336  0.157 1.158  0.5298132 0.0000042  6000.12143  0.062  0.081 2.409  0.000   -  
OGLE-LMC-CEP-3739  16.246 16.779   0.9887675 0.0000027  6000.72434  0.258  0.262 4.053  0.075 1.836  0.7942418 0.0000060  6000.21922  0.079  0.092 5.040  0.000   -  
OGLE-LMC-CEP-3772  16.746 17.322   0.7264437 0.0000011  6000.33246  0.257  0.219 3.800  0.111 1.823  0.5852113 0.0000036  6000.46348  0.056  0.000   -    0.000   -  
OGLE-LMC-CEP-3799  16.813 17.333   0.6547435 0.0000013  6000.41457  0.232  0.211 3.361  0.146 1.350  0.5281948 0.0000037  6000.29896  0.061  0.126 5.427  0.000   -  
OGLE-LMC-CEP-3803  16.797 17.395   0.6958510 0.0000014  6000.36508  0.211  0.202 3.516  0.107 1.391  0.5611060 0.0000039  6000.49339  0.053  0.000   -    0.000   -  
OGLE-LMC-CEP-3811  15.248 15.848   1.8750142 0.0000062  6001.82216  0.172  0.126 4.484  0.040 2.777  1.4907028 0.0000132  6001.43480  0.052  0.000   -    0.000   -  
OGLE-LMC-CEP-3842  17.067 17.657   0.5718429 0.0000008  6000.26640  0.201  0.207 2.766  0.155 0.853  0.4611937 0.0000024  6000.35617  0.043  0.000   -    0.000   -  
OGLE-LMC-CEP-3845  15.943 16.499   1.1645607 0.0000019  6000.03328  0.252  0.193 4.202  0.055 1.942  0.9342164 0.0000134  6000.04888  0.024  0.000   -    0.000   -  
OGLE-LMC-CEP-3857  15.907 16.513   1.2728169 0.0000036  6000.32848  0.184  0.165 4.181  0.030 1.775  1.0218053 0.0000072  6000.07000  0.059  0.000   -    0.000   -  
OGLE-LMC-CEP-3858  17.959 18.521   0.3780448 0.0000007  6000.12634  0.235  0.074 3.645  0.088 0.427  0.3040571 0.0000007  6000.18012  0.136  0.155 3.880  0.000   -  
OGLE-LMC-CEP-3859  16.736 17.298   0.7129617 0.0000015  6000.08464  0.230  0.195 3.591  0.119 1.445  0.5747637 0.0000042  6000.00298  0.057  0.000   -    0.000   -  
OGLE-LMC-CEP-3865  16.084 16.590   1.1184720 0.0000038  6001.05644  0.282  0.256 4.319  0.085 2.397  0.8962824 0.0000107  6000.33828  0.061  0.000   -    0.000   -  
OGLE-LMC-CEP-3883  16.347 17.015   0.9978388 0.0000023  6000.14908  0.230  0.234 3.981  0.043 1.637  0.8022793 0.0000045  6000.08932  0.094  0.151 4.933  0.000   -  
OGLE-LMC-CEP-3887  16.531 17.128   0.8596330 0.0000014  6000.61788  0.248  0.267 3.942  0.097 2.050  0.6921439 0.0000034  6000.42894  0.077  0.135 4.943  0.000   -  
OGLE-LMC-CEP-3889  16.680 17.285   0.6691536 0.0000020  6000.47786  0.288  0.238 3.661  0.167 1.386  0.5389610 0.0000051  6000.11927  0.079  0.147 3.070  0.000   -  
OGLE-LMC-CEP-3907  16.606 17.182   0.8109138 0.0000023  6000.36154  0.257  0.223 3.946  0.104 2.123  0.6525233 0.0000075  6000.17327  0.052  0.000   -    0.000   -  
OGLE-LMC-CEP-3916  17.676 18.206   0.3710068 0.0000004  6000.09084  0.297  0.000   -    0.103 5.610  0.2983503 0.0000026  6000.09524  0.025  0.000   -    0.000   -  
OGLE-LMC-CEP-3920  17.347 18.012   0.5426941 0.0000012  6000.03216  0.197  0.224 3.176  0.121 0.833  0.4365806 0.0000039  6000.43115  0.044  0.173 3.820  0.000   -  
OGLE-LMC-CEP-3924  15.904 16.501   1.1999751 0.0000025  6000.60276  0.239  0.205 4.154  0.042 2.340  0.9656943 0.0000087  6000.91707  0.049  0.000   -    0.000   -  
OGLE-LMC-CEP-3934  16.442 17.009   0.8832728 0.0000035  6000.23819  0.261  0.217 4.107  0.089 1.898  0.7110577 0.0000079  6000.29148  0.071  0.254 5.549  0.458 2.075
OGLE-LMC-CEP-3964  15.947 16.489   1.1772675 0.0000025  6000.87220  0.307  0.223 4.390  0.059 2.355  0.9432585 0.0000192  6000.91830  0.029  0.000   -    0.000   -  
OGLE-LMC-CEP-3965  16.791 17.315   0.6456955 0.0000010  6000.31168  0.268  0.226 3.485  0.132 1.368  0.5199633 0.0000042  6000.14421  0.042  0.000   -    0.000   -  
OGLE-LMC-CEP-3972  16.975 17.518   0.5941719 0.0000009  6000.49833  0.244  0.172 3.253  0.127 0.794  0.4791297 0.0000028  6000.34869  0.051  0.000   -    0.000   -  
OGLE-LMC-CEP-3986  17.827 18.387   0.3724124 0.0000008  6000.11569  0.169  0.257 2.011  0.223 6.176  0.2996797 0.0000023  6000.05655  0.040  0.000   -    0.000   -  
OGLE-LMC-CEP-4005  17.585 18.040   0.3402685 0.0000004  6000.17400  0.237  0.087 4.714  0.060 5.202  0.2734778 0.0000034  6000.22135  0.018  0.000   -    0.000   -  
OGLE-LMC-CEP-4014  16.589 17.153   0.8090547 0.0000023  6000.03186  0.195  0.215 3.947  0.075 1.985  0.6530141 0.0000048  6000.03779  0.069  0.115 4.524  0.000   -  
OGLE-LMC-CEP-4020  16.490 17.071   0.8547216 0.0000012  6000.73199  0.239  0.234 4.051  0.075 1.946  0.6884939 0.0000022  6000.33875  0.081  0.106 4.755  0.000   -  
OGLE-LMC-CEP-4050  15.079 16.016   0.9014979 0.0000030  6000.87861  0.072  0.259 3.949  0.082 1.720  0.7227610 0.0000073  6000.39364  0.021  0.131 3.833  0.000   -  
OGLE-LMC-CEP-4079  16.069 16.625   1.1719654 0.0000054  6000.71913  0.231  0.225 4.292  0.088 2.507  0.9387900 0.0000109  6000.34733  0.078  0.097 5.827  0.000   -  
OGLE-LMC-CEP-4083  16.064 16.581   1.0583928 0.0000026  6000.62171  0.259  0.236 4.176  0.066 2.332  0.8488510 0.0000071  6000.53620  0.072  0.062 4.901  0.000   -  
OGLE-LMC-CEP-4090  17.494 18.025   0.3318527 0.0000006  6000.32121  0.132  0.155 1.870  0.115 5.510  0.2667428 0.0000018  6000.20076  0.024  0.000   -    0.000   -  
OGLE-LMC-CEP-4139  16.442 16.975   0.8552645 0.0000017  6000.72622  0.227  0.190 4.074  0.060 1.975  0.6886163 0.0000040  6000.22301  0.069  0.150 5.637  0.000   -  
OGLE-LMC-CEP-4147  16.440 17.115   1.0308454 0.0000067  6000.27788  0.187  0.193 4.244  0.060 2.240  0.8285516 0.0000102  6000.60493  0.092  0.138 5.373  0.000   -  
OGLE-LMC-CEP-4170  15.465 16.122   1.7352977 0.0000041  6001.31409  0.175  0.129 4.813  0.020 3.425  1.4011522 0.0000642  6000.34049  0.008  0.000   -    0.000   -  
OGLE-LMC-CEP-4178  16.349 16.858   0.8055846 0.0000013  6000.17562  0.258  0.241 4.034  0.091 2.036  0.6485537 0.0000043  6000.63657  0.061  0.067   -    0.000   -  
OGLE-LMC-CEP-4189  17.640 18.259   0.4432578 0.0000008  6000.11407  0.207  0.221 2.957  0.134 0.794  0.3560228 0.0000039  6000.03571  0.028  0.000   -    0.000   -  
OGLE-LMC-CEP-4195  17.099 17.555   0.5042005 0.0000012  6000.39657  0.128  0.232 2.886  0.121 0.743  0.4059077 0.0000023  6000.29996  0.047  0.000   -    0.000   -  
OGLE-LMC-CEP-4196  16.296 16.831   0.9147533 0.0000028  6000.07218  0.263  0.252 4.119  0.108 2.184  0.7361020 0.0000079  6000.03538  0.067  0.000   -    0.067 6.130
OGLE-LMC-CEP-4203  15.994 16.527   1.1522126 0.0000024  6000.07255  0.257  0.218 4.324  0.066 2.108  0.9233729 0.0000072  6000.66704  0.057  0.000   -    0.000   -  
OGLE-LMC-CEP-4209  16.669 17.581   0.4935411 0.0000019  6000.26509  0.056  0.098   -    0.000   -    0.3981541 0.0000036  6000.17348  0.021  0.000   -    0.000   -  
OGLE-LMC-CEP-4218  16.631 17.159   0.7559050 0.0000017  6000.59057  0.267  0.204 3.841  0.085 2.013  0.6090076 0.0000043  6000.52517  0.071  0.140 4.756  0.000   -  
OGLE-LMC-CEP-4227  16.539 17.066   0.8317869 0.0000012  6000.23093  0.373  0.296 4.020  0.098 1.942  0.6699895 0.0000059  6000.04624  0.055  0.096 5.496  0.000   -  
OGLE-LMC-CEP-4233  18.087 17.981   0.3903381 0.0000010  6000.20337  0.210  0.207 2.889  0.110 0.993  0.3133638 0.0000030  6000.01084  0.052  0.000   -    0.000   -  
OGLE-LMC-CEP-4258  18.023 18.521   0.3081617 0.0000007  6000.15768  0.183  0.199 1.435  0.129 5.479  0.2477175 0.0000016  6000.15958  0.048  0.000   -    0.000   -  
OGLE-LMC-CEP-4266  17.046 17.585   0.5861393 0.0000009  6000.24844  0.213  0.186 3.627  0.092 1.315  0.4724960 0.0000015  6000.10677  0.098  0.098 4.520  0.000   -  
OGLE-LMC-CEP-4285  15.882 16.468   1.3160049 0.0000053  6000.45231  0.197  0.166 4.411  0.021   -    1.0514440 0.0000139  6000.73053  0.051  0.000   -    0.091   -  
OGLE-LMC-CEP-4292  18.297 18.710   0.2307259 0.0000003  6000.21055  0.185  0.127 4.988  0.000   -    0.1858548 0.0000011  6000.16104  0.030  0.000   -    0.000   -  
OGLE-LMC-CEP-4327  16.754 17.335   0.6492347 0.0000008  6000.34416  0.201  0.209 3.104  0.141 1.002  0.5237116 0.0000024  6000.20392  0.050  0.000   -    0.000   -  
OGLE-LMC-CEP-4332  17.138 17.692   0.5360210 0.0000011  6000.07146  0.170  0.254 3.187  0.139 1.077  0.4314721 0.0000032  6000.06910  0.045  0.000   -    0.000   -  
OGLE-LMC-CEP-4347  15.828 16.431   1.2161520 0.0000043  6001.02562  0.208  0.169 4.147  0.046 2.011  0.9767233 0.0000101  6000.94601  0.065  0.102 4.208  0.083 0.720
OGLE-LMC-CEP-4349  15.723 16.323   1.3257332 0.0000092  6000.87773  0.200  0.158 4.182  0.038 1.619  1.0649973 0.0000247  6001.05905  0.069  0.081 3.150  0.000   -  
OGLE-LMC-CEP-4399  17.877 18.388   0.3260971 0.0000006  6000.30814  0.134  0.159 0.872  0.139 5.103  0.2621409 0.0000020  6000.04280  0.028  0.330   -    0.000   -  
OGLE-LMC-CEP-4421  16.201 16.775   1.0551411 0.0000023  6000.12057  0.289  0.247 4.293  0.059 2.104  0.8466148 0.0000056  6000.53454  0.081  0.077 5.200  0.000   -  
OGLE-LMC-CEP-4461  16.616 17.195   0.7433883 0.0000026  6000.60381  0.171  0.208 3.584  0.107 1.589  0.5998252 0.0000066  6000.55084  0.053  0.249 4.835  0.086 0.574
OGLE-LMC-CEP-4479  16.812 17.331   0.6715655 0.0000010  6000.23172  0.252  0.232 3.499  0.132 1.403  0.5416773 0.0000029  6000.43554  0.079  0.131 4.733  0.000   -  
OGLE-LMC-CEP-4480  16.131 16.646   1.0622757 0.0000012  6000.84309  0.287  0.275 4.439  0.060 2.403  0.8541623 0.0000031  6000.16219  0.075  0.099 5.302  0.000   -  
OGLE-LMC-CEP-4482  16.018 16.556   1.0616837 0.0000022  6000.33295  0.300  0.233 4.251  0.062 2.281  0.8525860 0.0000071  6000.56187  0.061  0.000   -    0.063 6.152
OGLE-LMC-CEP-4483  16.259 16.785   0.8947004 0.0000021  6000.39769  0.283  0.249 4.059  0.084 2.063  0.7194070 0.0000068  6000.08058  0.059  0.000   -    0.061   -  
OGLE-LMC-CEP-4485  16.235 16.697   0.8960827 0.0000011  6000.71257  0.371  0.280 3.955  0.109 1.781  0.7206620 0.0000075  6000.11673  0.037  0.000   -    0.000   -  
OGLE-LMC-CEP-4515  16.544 17.144   0.8298609 0.0000160  6000.67212  0.265  0.190 3.797  0.076 1.797  0.6680375 0.0000373  6000.34741  0.073  0.000   -    0.000   -  
OGLE-LMC-CEP-4519  16.175 16.692   0.9446807 0.0000012  6000.89419  0.295  0.236 4.106  0.073 2.104  0.7610484 0.0000076  6000.02512  0.032  0.000   -    0.000   -  
OGLE-LMC-CEP-4520  17.781 18.355   0.3309461 0.0000004  6000.02421  0.240  0.045 2.546  0.088 5.131  0.2665230 0.0000020  6000.26024  0.029  0.000   -    0.000   -  
OGLE-LMC-CEP-4538  16.856 17.423   0.6640640 0.0000010  6000.50379  0.218  0.232 3.190  0.164 1.115  0.5364887 0.0000091  6000.08672  0.014  0.000   -    0.000   -  
OGLE-LMC-CEP-4547  16.345 16.866   0.8767919 0.0000021  6000.21493  0.268  0.285 4.131  0.111 2.573  0.7074016 0.0000076  6000.03804  0.056  0.000   -    0.000   -  
OGLE-LMC-CEP-4568  16.652 17.203   0.7234915 0.0000013  6000.45008  0.262  0.243 3.548  0.143 1.506  0.5835222 0.0000034  6000.16333  0.072  0.071 4.789  0.000   -  
OGLE-LMC-CEP-4569  16.758 17.280   0.6977837 0.0000014  6000.26462  0.296  0.260 3.768  0.135 1.638  0.5623780 0.0000043  6000.10702  0.083  0.164 4.317  0.000   -  
OGLE-LMC-CEP-4571  16.665 17.216   0.7083708 0.0000016  6000.45789  0.216  0.196 3.605  0.116 1.468  0.5713447 0.0000043  6000.51942  0.056  0.107 3.649  0.000   -  
OGLE-LMC-CEP-4588  16.151 16.737   1.0417243 0.0000025  6000.49953  0.215  0.179 4.168  0.054 1.927  0.8371444 0.0000072  6000.54840  0.053  0.101 5.182  0.000   -  
OGLE-LMC-CEP-4590  15.713 16.306   1.3008961 0.0000036  6000.94102  0.288  0.228 4.206  0.068 1.950  1.0411786 0.0000471  6000.80708  0.009  0.000   -    0.000   -  
OGLE-LMC-CEP-4615  16.249 16.745   0.9700285 0.0000015  6000.23143  0.382  0.310 4.139  0.081 2.120  0.7810441 0.0000066  6000.66262  0.062  0.000   -    0.000   -  
OGLE-LMC-CEP-4617  16.314 16.849   0.9045135 0.0000020  6000.58295  0.253  0.252 3.840  0.091 1.760  0.7276991 0.0000062  6000.41490  0.061  0.192 5.096  0.000   -  
OGLE-LMC-CEP-4620  16.494 17.121   0.6277538 0.0000015  6000.47543  0.184  0.188 3.249  0.147 1.260  0.5061302 0.0000048  6000.29356  0.036  0.000   -    0.000   -  
OGLE-LMC-CEP-4642  16.381 16.801   0.8507599 0.0000021  6000.57864  0.327  0.287 3.882  0.103 1.920  0.6848504 0.0000081  6000.31024  0.067  0.000   -    0.000   -  
OGLE-LMC-CEP-4649  18.389 18.950   0.2565184 0.0000006  6000.10913  0.111  0.168 6.140  0.000   -    0.2061309 0.0000012  6000.10691  0.033  0.000   -    0.000   -  
OGLE-LMC-CEP-4660  18.060 18.702   0.3466648 0.0000011  6000.31334  0.101  0.000   -    0.000   -    0.2783950 0.0000031  6000.10879  0.022  0.000   -    0.000   -  
OGLE-LMC-CEP-4669  16.421    -     0.9123805 0.0000023  6000.61888  0.253  0.186 4.031  0.065 1.946  0.7339352 0.0000057  6000.17705  0.072  0.000   -    0.000   -  
OGLE-LMC-CEP-4688  16.855 17.428   0.6476670 0.0000030  6000.17808  0.283  0.229 3.497  0.208 1.076  0.5223313 0.0000078  6000.00937  0.082  0.000   -    0.000   -  
OGLE-LMC-CEP-4695  16.885    -     0.6570587 0.0000066  6000.32411  0.253  0.283 3.654  0.152 1.662  0.5298436 0.0000076  6000.13203  0.104  0.396 2.011  0.275 3.457
OGLE-LMC-CEP-4706  18.517 19.002   0.2337257 0.0000005  6000.05826  0.125  0.000   -    0.000   -    0.1874384 0.0000012  6000.16103  0.032  0.000   -    0.000   -  
OGLE-LMC-CEP-4707  18.259 18.720   0.2467843 0.0000003  6000.19569  0.182  0.091 6.099  0.000   -    0.1983256 0.0000015  6000.13791  0.023  0.000   -    0.000   -  
