OGLE-LMC-CEP-0024  14.671 15.394   5.0930109 0.0000781  6000.53380  0.125  0.091 4.542  0.025   -    3.6315623 0.0000274  6000.04794  0.200  0.115 3.816  0.062 0.512
OGLE-LMC-CEP-0036  16.446    -     1.5738216 0.0000077  6000.28193  0.228  0.473 1.693  0.467 4.640  1.1419504 0.0000037  6000.79579  0.191  0.189 4.330  0.054 2.144
OGLE-LMC-CEP-0083  17.594 18.215   0.5805540 0.0000048  6000.20608  0.081  0.183 4.802  0.000   -    0.4397934 0.0000008  6000.02801  0.255  0.163 2.593  0.173 0.422
OGLE-LMC-CEP-0112  16.208 16.925   1.8946075 0.0000113  6000.93586  0.151  0.162 4.535  0.032 2.493  1.3709895 0.0000052  6000.05152  0.185  0.196 4.595  0.049 2.931
OGLE-LMC-CEP-0200  16.054 16.654   1.8961219 0.0000134  6001.37344  0.111  0.131 4.372  0.027 3.777  1.3715423 0.0000040  6000.87290  0.191  0.192 4.547  0.045 2.839
OGLE-LMC-CEP-0261  15.907 16.698   2.4382615 0.0000204  6000.52189  0.209  0.211 4.677  0.045 2.827  1.7540073 0.0000113  6000.76001  0.186  0.223 5.091  0.063 3.727
OGLE-LMC-CEP-0355  16.233 17.162   2.2143844 0.0000185  6000.87776  0.183  0.193 4.497  0.047 2.901  1.5972107 0.0000103  6001.02827  0.155  0.179 4.521  0.042 2.685
OGLE-LMC-CEP-0432  14.911 15.638   3.8840025 0.0000312  6000.17521  0.212  0.175 4.437  0.031 2.499  2.7933286 0.0000176  6000.39551  0.197  0.088 5.062  0.000   -  
OGLE-LMC-CEP-0507  16.849 17.461   0.9850072 0.0000146  6000.38446  0.042  0.000   -    0.000   -    0.7277207 0.0000016  6000.08129  0.191  0.181 3.510  0.125 1.169
OGLE-LMC-CEP-0532  16.071 16.727   1.7875881 0.0000125  6001.18472  0.237  0.218 4.404  0.047 2.873  1.2958395 0.0000076  6001.04208  0.212  0.208 4.623  0.056 2.543
OGLE-LMC-CEP-0550  15.199 15.911   3.2351712 0.0000235  6003.00884  0.236  0.188 4.426  0.041 2.630  2.3038029 0.0000161  6000.71989  0.178  0.117 5.038  0.026 3.176
OGLE-LMC-CEP-0562  16.044 16.705   1.8070044 0.0000162  6000.20762  0.134  0.119 4.681  0.000   -    1.3082391 0.0000059  6000.90195  0.165  0.203 4.456  0.062 2.340
OGLE-LMC-CEP-0566  15.462 16.168   2.8040827 0.0000238  6002.13848  0.264  0.225 4.462  0.055 2.771  2.0143488 0.0000178  6000.71810  0.191  0.138 5.008  0.028 3.959
OGLE-LMC-CEP-0623  15.613    -     2.4774706 0.0000158  6001.27486  0.473  0.246 4.659  0.177 3.337  1.7829716 0.0000439  6001.42923  0.231  0.176 5.092  0.041 3.568
OGLE-LMC-CEP-0653  16.051 16.722   1.9041526 0.0000124  6000.09117  0.140  0.152 4.399  0.026 2.096  1.3769595 0.0000047  6001.20791  0.187  0.192 4.569  0.052 2.559
OGLE-LMC-CEP-0742  16.027 16.701   1.8075637 0.0000161  6000.55597  0.264  0.232 4.349  0.073 2.517  1.3076402 0.0000097  6000.01589  0.236  0.265 4.633  0.073 3.054
OGLE-LMC-CEP-0832  14.883 15.582   3.8927825 0.0000297  6003.66622  0.214  0.177 4.477  0.038 2.758  2.7963340 0.0000167  6002.22854  0.198  0.056 5.084  0.000   -  
OGLE-LMC-CEP-0856  16.467 17.162   1.1846376 0.0000074  6000.96810  0.188  0.211 4.250  0.052 2.469  0.8692576 0.0000044  6000.13948  0.199  0.179 4.142  0.053 1.007
OGLE-LMC-CEP-0894  14.980 15.621   3.5261093 0.0000290  6001.91090  0.173  0.126 4.481  0.030 2.973  2.5181375 0.0000128  6001.60116  0.208  0.076 5.465  0.022 4.413
OGLE-LMC-CEP-0901  16.241 16.806   1.4215181 0.0000096  6001.03394  0.352  0.282 4.072  0.099 1.889  1.0456477 0.0000111  6000.73971  0.172  0.135 4.566  0.000   -  
OGLE-LMC-CEP-0937  15.509 16.213   2.7825559 0.0000231  6000.68676  0.260  0.226 4.542  0.063 2.869  2.0031495 0.0000167  6000.79970  0.191  0.106 5.086  0.018 3.743
OGLE-LMC-CEP-0956  14.879 15.495   3.8349724 0.0000282  6000.16237  0.251  0.209 4.515  0.044 3.079  2.7325227 0.0000211  6000.62441  0.181  0.077 5.100  0.032 3.740
OGLE-LMC-CEP-1043  14.906 15.612   4.0657113 0.0000250  6001.99500  0.215  0.165 4.514  0.022 2.952  2.9095128 0.0000168  6000.43334  0.182  0.022 3.743  0.021 5.131
OGLE-LMC-CEP-1064  14.997 15.675   3.7003534 0.0000245  6001.24809  0.233  0.186 4.585  0.045 2.966  2.6536376 0.0000152  6002.27860  0.197  0.019 5.112  0.000   -  
OGLE-LMC-CEP-1082  13.925 14.586   7.8629519 0.0006405  6007.34879  0.021  0.000   -    0.000   -    5.5650591 0.0000300  6001.11685  0.184  0.203 4.704  0.071 3.208
OGLE-LMC-CEP-1221  16.548 17.242   1.3335561 0.0000140  6000.50922  0.062  0.091 4.446  0.000   -    0.9718430 0.0000021  6000.03381  0.186  0.193 3.841  0.067 1.726
OGLE-LMC-CEP-1242  16.026 16.799   2.2809133 0.0000209  6001.63035  0.186  0.186 4.642  0.017   -    1.6466466 0.0000088  6000.84705  0.221  0.215 4.973  0.058 3.835
OGLE-LMC-CEP-1380  15.348 16.066   3.1708921 0.0000372  6000.09468  0.092  0.100 4.562  0.000   -    2.2734137 0.0000122  6002.14749  0.145  0.147 5.345  0.040 4.624
OGLE-LMC-CEP-1381  16.325 16.982   1.5692563 0.0000134  6001.54501  0.069  0.091 4.379  0.000   -    1.1419150 0.0000028  6000.36064  0.170  0.167 4.363  0.021 2.174
OGLE-LMC-CEP-1443  16.381 17.041   1.3555082 0.0000092  6000.28628  0.220  0.213 4.281  0.036 1.888  0.9871127 0.0000053  6000.70962  0.194  0.208 4.260  0.064 2.281
OGLE-LMC-CEP-1624  14.599 15.222   4.8416734 0.0000314  6003.71671  0.197  0.152 4.578  0.024 2.817  3.4536200 0.0000272  6001.67770  0.119  0.088 3.511  0.025 0.420
OGLE-LMC-CEP-1717  15.041 15.685   3.3215123 0.0000174  6001.11473  0.223  0.179 4.425  0.037 2.608  2.3472549 0.0000119  6000.34458  0.166  0.106 4.957  0.000   -  
OGLE-LMC-CEP-1770  17.413 18.316   1.0224548 0.0000077  6000.55453  0.206  0.133 3.903  0.088 0.666  0.7537128 0.0000028  6000.17171  0.238  0.164 4.082  0.090 1.769
OGLE-LMC-CEP-1825  15.484    -     2.7980738 0.0000618  6001.63103  0.271  0.068 5.166  0.159 2.287  2.0108504 0.0000057  6000.40039  0.167  0.140 5.198  0.039 4.289
OGLE-LMC-CEP-1989  15.335 15.981   2.9355605 0.0000233  6000.82108  0.267  0.237 4.461  0.068 2.683  2.1070446 0.0000195  6001.26227  0.193  0.124 5.140  0.025 4.467
OGLE-LMC-CEP-2029  15.398 16.091   2.8493026 0.0000221  6002.64635  0.348  0.284 4.464  0.091 2.639  2.0322442 0.0000226  6001.99223  0.177  0.156 5.127  0.055 3.169
OGLE-LMC-CEP-2037  14.998 15.644   3.4336801 0.0000236  6000.03904  0.309  0.265 4.466  0.085 2.748  2.4408838 0.0000225  6001.92805  0.156  0.115 5.286  0.024 3.454
OGLE-LMC-CEP-2067  16.523    -     1.2817335 0.0000125  6000.08434  0.108  0.088 4.144  0.000   -     0.9385612 0.0000033  6000.63753  0.205  0.206 4.134  0.078 2.062
OGLE-LMC-CEP-2071  16.251 16.949   1.5468854 0.0000101  6000.64861  0.186  0.186 4.295  0.035 2.965  1.1207670 0.0000052  6000.47581  0.185  0.209 4.422  0.045 2.777
OGLE-LMC-CEP-2149  15.216 15.972   3.4049710 0.0000243  6000.85649  0.176  0.137 4.570  0.019 2.830  2.4374321 0.0000099  6000.07610  0.217  0.099 5.245  0.023 4.179
OGLE-LMC-CEP-2227  15.010 15.694   3.6856769 0.0000298  6003.08156  0.257  0.206 4.502  0.044 2.826  2.6405179 0.0000192  6000.68125  0.203  0.083 5.155  0.015 4.291
OGLE-LMC-CEP-2241  15.006 15.665   3.4467819 0.0000185  6000.12619  0.234  0.202 4.421  0.051 2.798  2.4557702 0.0000147  6000.02402  0.157  0.088 5.255  0.016 3.563
OGLE-LMC-CEP-2351  15.916 16.691   2.3696511 0.0000225  6001.14250  0.245  0.227 4.504  0.050 2.651  1.7091187 0.0000128  6000.42120  0.217  0.221 5.064  0.074 3.525
OGLE-LMC-CEP-2373  15.389 16.099   2.9369680 0.0000221  6001.37911  0.297  0.234 4.429  0.060 2.490  2.1007048 0.0000188  6000.79354  0.193  0.147 5.026  0.027 3.485
OGLE-LMC-CEP-2404  16.103 16.809   1.8840783 0.0000115  6001.28174  0.108  0.094 4.428  0.000   -    1.3617046 0.0000032  6001.07658  0.187  0.167 4.479  0.032 2.572
OGLE-LMC-CEP-2410  15.245 16.034   3.3903800 0.0000257  6000.61501  0.153  0.114 4.625  0.028 0.732  2.4236852 0.0000083  6000.09828  0.217  0.093 5.289  0.030 4.057
OGLE-LMC-CEP-2461  15.035 15.765   3.6419148 0.0000338  6000.31710  0.271  0.216 4.474  0.057 2.870  2.6118153 0.0000227  6000.53741  0.201  0.105 5.276  0.026 3.575
OGLE-LMC-CEP-2487  16.279 16.944   1.6136741 0.0000121  6000.31683  0.105  0.098 4.354  0.000   -    1.1736867 0.0000036  6000.25958  0.194  0.189 4.357  0.034 2.255
OGLE-LMC-CEP-2527  15.346 16.192   3.4551136 0.0000218  6002.87987  0.224  0.176 4.479  0.038 2.567  2.4675168 0.0000141  6000.94740  0.185  0.087 5.120  0.000   -  
OGLE-LMC-CEP-2569  15.595 16.360   2.7266897 0.0000167  6000.34907  0.147  0.141 4.641  0.020   -    1.9534467 0.0000069  6001.75902  0.185  0.127 4.822  0.019 4.487
OGLE-LMC-CEP-2603  16.105 16.886   1.7860086 0.0000092  6001.67228  0.161  0.199 4.262  0.042 2.219  1.2992181 0.0000059  6001.09042  0.133  0.139 4.125  0.042 1.697
OGLE-LMC-CEP-2665  15.227    -     3.5643383 0.0000096  6000.77414  0.192  0.490 1.407  0.255 1.431  2.5542447 0.0000080  6002.49750  0.180  0.047 4.793  0.022 4.824
OGLE-LMC-CEP-2802  16.466 17.119   1.2851436 0.0000080  6000.79084  0.234  0.230 4.315  0.054 2.198  0.9375943 0.0000057  6000.43187  0.202  0.190 4.535  0.042 2.965
OGLE-LMC-CEP-2882  16.569 17.395   1.4986891 0.0000114  6001.23287  0.103  0.104 4.368  0.000   -    1.0886801 0.0000029  6001.02779  0.185  0.202 4.209  0.063 2.254
OGLE-LMC-CEP-2924  16.238 16.925   1.4714039 0.0000101  6000.97269  0.379  0.324 4.157  0.101 1.777  1.0732045 0.0000116  6000.46073  0.231  0.154 4.496  0.000   -  
OGLE-LMC-CEP-3099  16.296 16.944   1.5709541 0.0000133  6000.23487  0.078  0.127 4.357  0.000   -    1.1420031 0.0000029  6000.27151  0.184  0.207 4.285  0.059 2.041
OGLE-LMC-CEP-3190  16.948 18.168   1.7729538 0.0000162  6001.02821  0.114  0.101 4.330  0.000   -    1.2846381 0.0000051  6000.43151  0.187  0.201 4.488  0.046 2.551
OGLE-LMC-CEP-3217  17.122 18.002   1.0274126 0.0000032  6000.90839  0.383  0.303 4.172  0.110 2.009  0.7555250 0.0000041  6000.17093  0.191  0.129 4.797  0.000   -  
OGLE-LMC-CEP-3229  16.093 16.785   1.8291771 0.0000146  6000.84618  0.249  0.237 4.381  0.072 2.633  1.3258806 0.0000096  6000.56758  0.216  0.230 4.849  0.085 3.177
OGLE-LMC-CEP-3272  16.141 16.808   1.6838484 0.0000100  6001.30593  0.264  0.249 4.305  0.084 2.597  1.2216125 0.0000072  6000.51580  0.191  0.177 4.513  0.048 2.015
OGLE-LMC-CEP-3422  16.262 16.974   1.7180987 0.0000192  6000.66691  0.120  0.132 4.459  0.000   -    1.2457366 0.0000073  6000.09703  0.191  0.203 4.460  0.052 2.343
OGLE-LMC-CEP-3443  15.082 15.794   3.4581770 0.0004457  6002.94792  0.008  0.000   -    0.000   -    2.5136714 0.0000097  6001.50936  0.204  0.052 5.047  0.026 5.321
OGLE-LMC-CEP-3445  16.306 17.058   1.4627320 0.0000137  6000.99540  0.118  0.149 4.469  0.000   -    1.0671084 0.0000039  6000.92453  0.177  0.237 4.150  0.067 2.094
OGLE-LMC-CEP-3451  16.145 16.845   1.7303933 0.0000121  6000.78915  0.193  0.178 4.322  0.032 3.069  1.2555308 0.0000063  6000.41509  0.192  0.212 4.312  0.031 1.581
OGLE-LMC-CEP-3476  16.160 16.854   1.6442818 0.0000126  6000.90919  0.281  0.242 4.417  0.078 2.265  1.1943008 0.0000098  6000.33560  0.201  0.181 4.527  0.027 1.291
OGLE-LMC-CEP-3483  16.246 16.947   1.7620158 0.0000709  6000.91930  0.015  0.000   -    0.000   -    1.2748570 0.0000029  6001.20716  0.174  0.176 4.284  0.028 2.344
OGLE-LMC-CEP-3508  16.158 16.795   1.5608527 0.0000120  6001.35022  0.251  0.198 4.224  0.050 2.223  1.1354777 0.0000071  6000.24596  0.214  0.186 4.369  0.050 2.534
OGLE-LMC-CEP-3514  16.099 16.776   1.8119860 0.0000193  6001.17168  0.088  0.092 3.835  0.000   -    1.3117424 0.0000052  6000.16761  0.173  0.188 4.314  0.031 2.288
OGLE-LMC-CEP-3648  16.089 16.781   1.7678511 0.0000142  6000.24092  0.082  0.072 4.243  0.051 2.341  1.2801062 0.0000035  6001.13844  0.172  0.168 4.329  0.026 2.646
OGLE-LMC-CEP-3691  14.963 15.651   3.5630653 0.0000282  6000.66818  0.186  0.164 4.521  0.021 2.900  2.5503598 0.0000144  6000.43359  0.203  0.068 5.103  0.013 4.281
OGLE-LMC-CEP-3770  15.174 15.800   3.4454444 0.0000323  6002.20591  0.264  0.238 4.545  0.065 2.935  2.4725318 0.0000205  6000.24174  0.207  0.085 5.295  0.027 3.467
OGLE-LMC-CEP-3779  14.853 15.505   3.9792433 0.0000344  6002.46582  0.154  0.125 4.564  0.023 2.526  2.8569728 0.0000146  6002.51748  0.196  0.024 3.726  0.038 4.850
OGLE-LMC-CEP-3789  14.889 15.550   3.9399307 0.0000363  6002.93816  0.174  0.144 4.516  0.039 2.812  2.8191532 0.0000222  6001.61864  0.137  0.000   -    0.026 3.792
OGLE-LMC-CEP-3805  17.162 17.723   0.6314277 0.0000017  6000.35739  0.244  0.348 4.472  0.000   -    0.4783651 0.0000024  6000.39412  0.113  0.000   -    0.000   -  
OGLE-LMC-CEP-3843  15.130 15.973   3.8168545 0.0001002  6003.08253  0.214  0.130 4.196  0.043 1.889  2.7392734 0.0000617  6000.20786  0.196  0.038 3.291  0.090 5.422
OGLE-LMC-CEP-3896  15.387 16.137   3.2014153 0.0002357  6001.97422  0.009  0.000   -    0.000   -    2.3034928 0.0000095  6002.05135  0.108  0.087 5.496  0.042 4.663
OGLE-LMC-CEP-3932  14.712 15.463   4.4335065 0.0000513  6000.66268  0.149  0.108 4.513  0.000   -    3.1726496 0.0000240  6003.06123  0.158  0.065 3.296  0.026 6.062
OGLE-LMC-CEP-3937  15.007 15.716   3.7129607 0.0000303  6003.23291  0.241  0.195 4.530  0.036 2.885  2.6559696 0.0000213  6002.33614  0.190  0.043 5.028  0.030 4.595
OGLE-LMC-CEP-3957  16.079 16.725   1.7047282 0.0000142  6001.01124  0.180  0.180 4.274  0.052 2.980  1.2365953 0.0000074  6000.05254  0.183  0.216 4.474  0.043 2.828
OGLE-LMC-CEP-4034  14.833 15.778   2.8418234 0.0000370  6002.53167  0.063  0.129 4.294  0.000   -    2.0443165 0.0000103  6001.97859  0.111  0.181 4.834  0.049 3.583
OGLE-LMC-CEP-4053  15.922 16.532   1.8655661 0.0000134  6000.83978  0.232  0.231 4.425  0.051 2.435  1.3505567 0.0000090  6001.04586  0.171  0.229 4.714  0.079 2.835
OGLE-LMC-CEP-4123  16.267 16.899   1.4259922 0.0000190  6000.69952  0.151  0.155 5.061  0.070 1.328  1.0440346 0.0000063  6000.23867  0.186  0.156 4.098  0.091 2.335
OGLE-LMC-CEP-4271  16.385 17.032   1.5069420 0.0000149  6000.80917  0.071  0.088 4.490  0.000   -    1.0988375 0.0000025  6000.85436  0.196  0.205 4.215  0.059 2.094
OGLE-LMC-CEP-4272  15.750 16.414   2.4163342 0.0000497  6000.96359  0.084  0.123 4.445  0.000   -    1.7508615 0.0000083  6000.47685  0.261  0.127 4.880  0.000   -  
OGLE-LMC-CEP-4368  16.145 16.836   1.7729098 0.0000119  6000.38641  0.158  0.136 4.239  0.000   -    1.2878695 0.0000049  6001.24134  0.203  0.194 4.473  0.057 3.062
OGLE-LMC-CEP-4419  15.003 15.693   3.4799929 0.0000249  6003.46151  0.229  0.186 4.531  0.036 2.877  2.4935540 0.0000140  6002.31320  0.214  0.065 5.172  0.000   -  
OGLE-LMC-CEP-4438  15.476 16.195   2.6625329 0.0000190  6000.55074  0.094  0.098 4.411  0.000   -    1.9173068 0.0000054  6001.82044  0.160  0.153 4.985  0.023 4.357
OGLE-LMC-CEP-4455  15.749 16.428   1.9919028 0.0000207  6000.77471  0.045  0.046   -    0.000   -    1.4457070 0.0000026  6000.13282  0.163  0.183 4.090  0.025 2.135
OGLE-LMC-CEP-4491  14.899 15.562   3.7025055 0.0000207  6002.94919  0.266  0.212 4.495  0.042 2.787  2.6528888 0.0000153  6000.43783  0.193  0.048 5.150  0.020 4.379
OGLE-LMC-CEP-4507  15.007 15.597   3.4194129 0.0000262  6003.27809  0.204  0.163 4.468  0.026 2.741  2.4476884 0.0000144  6001.30800  0.190  0.066 5.114  0.000   -  
OGLE-LMC-CEP-4557  15.281 15.970   2.8675801 0.0000162  6001.96326  0.256  0.204 4.457  0.053 2.798  2.0603952 0.0000120  6001.42009  0.197  0.110 5.080  0.000   -  
OGLE-LMC-CEP-4579  15.043 15.679   3.3582499 0.0000457  6002.94233  0.092  0.079 4.739  0.000   -    2.4079517 0.0000114  6001.16398  0.193  0.043 5.449  0.026 5.346
OGLE-LMC-CEP-4602  16.508 17.098   1.1888600 0.0000096  6001.02558  0.182  0.159 4.195  0.069 1.725  0.8730533 0.0000038  6000.35916  0.218  0.202 4.092  0.095 2.162
OGLE-LMC-CEP-4612  15.965 16.676   1.7151917 0.0000183  6000.27951  0.226  0.259 4.053  0.087 2.054  1.2448869 0.0000147  6000.96977  0.201  0.214 4.145  0.073 1.912
OGLE-LMC-CEP-4705  15.966    -     1.7686624 0.0000232  6000.80601  0.169  0.164 5.188  0.055   -    1.2770744 0.0000103  6000.53221  0.225  0.229 4.727  0.048   -  
