OGLE-SMC-CEP-0017  17.266 17.867   0.7704964 0.0000016  6000.72454  0.245  0.229 3.835  0.102 1.627  0.6205011 0.0000076  6000.40864  0.035  0.000   -    0.000   -  
OGLE-SMC-CEP-0018  17.286 17.750   0.7120661 0.0000083  6000.70697  0.038  0.000   -    0.000   -    0.5740785 0.0000096  6000.23938  0.023  0.000   -    0.000   -  
OGLE-SMC-CEP-0030  17.592 18.074   0.6530454 0.0000015  6000.21795  0.356  0.291 4.000  0.113 2.123  0.5273346 0.0000063  6000.50580  0.074  0.224 4.734  0.149 5.449
OGLE-SMC-CEP-0075  17.394 17.805   0.5429116 0.0000006  6000.50258  0.399  0.237 3.854  0.122 1.417  0.4389877 0.0000028  6000.12250  0.056  0.000   -    0.000   -  
OGLE-SMC-CEP-0076  17.672 18.138   0.6276618 0.0000039  6000.28240  0.154  0.085 3.442  0.000   -    0.5068395 0.0000090  6000.41813  0.061  0.000   -    0.266 4.432
OGLE-SMC-CEP-0079  17.705    -     0.5795210 0.0000006  6000.08202  0.255  0.101   -    0.000   -    0.4677430 0.0000026  6000.07487  0.052  0.000   -    0.000   -  
OGLE-SMC-CEP-0094  17.316 17.865   0.7629487 0.0000017  6000.29972  0.275  0.288 3.771  0.130 1.695  0.6140108 0.0000045  6000.15174  0.074  0.133 5.577  0.000   -  
OGLE-SMC-CEP-0107  17.344 17.808   0.7511088 0.0000011  6000.50347  0.360  0.308 3.966  0.091 2.105  0.6058203 0.0000096  6000.47249  0.039  0.000   -    0.235 0.767
OGLE-SMC-CEP-0109  17.670 18.123   0.5729044 0.0000009  6000.36951  0.351  0.209 3.840  0.133 1.276  0.4618897 0.0000046  6000.32527  0.050  0.187 4.084  0.000   -  
OGLE-SMC-CEP-0124  17.611 18.048   0.6215079 0.0000008  6000.24057  0.435  0.287 3.929  0.133 1.655  0.5021603 0.0000045  6000.46865  0.051  0.000   -    0.000   -  
OGLE-SMC-CEP-0130  17.376 17.825   0.7007341 0.0000017  6000.15450  0.217  0.175 3.707  0.071 1.583  0.5655810 0.0000066  6000.56147  0.040  0.000   -    0.000   -  
OGLE-SMC-CEP-0165  17.488 17.987   0.5372942 0.0000010  6000.13789  0.294  0.070 3.663  0.090 0.210  0.4330029 0.0000031  6000.30544  0.058  0.000   -    0.000   -  
OGLE-SMC-CEP-0173  17.632 18.186   0.6634762 0.0000013  6000.50695  0.278  0.281 3.797  0.111 1.917  0.5358342 0.0000034  6000.28899  0.096  0.077   -    0.000   -  
OGLE-SMC-CEP-0184  17.033 17.506   0.8086582 0.0000015  6000.28770  0.337  0.252 4.148  0.077 2.211  0.6504922 0.0000133  6000.25944  0.028  0.000   -    0.000   -  
OGLE-SMC-CEP-0189  17.574 18.136   0.6983114 0.0000015  6000.41226  0.248  0.199 3.829  0.123 1.547  0.5636413 0.0000041  6000.54409  0.066  0.117 3.736  0.000   -  
OGLE-SMC-CEP-0241  17.045    -     0.7709884 0.0000006  6000.43549  0.321  0.286 3.601  0.100 2.069  0.6206200 0.0000028  6000.50250  0.065  0.000   -    0.000   -  
OGLE-SMC-CEP-0244  17.004 17.496   0.8546037 0.0000016  6000.33831  0.328  0.321 4.109  0.093 2.191  0.6876138 0.0000047  6000.23380  0.080  0.095 5.402  0.072 0.373
OGLE-SMC-CEP-0278  16.923 17.445   0.8714417 0.0000013  6000.61375  0.329  0.267 4.103  0.081 2.057  0.7000819 0.0000046  6000.53024  0.071  0.093 5.220  0.000   -  
OGLE-SMC-CEP-0305  16.197 16.849   1.6658750 0.0000054  6000.69071  0.147  0.116 4.470  0.000   -    1.3185011 0.0000533  6000.27057  0.009  0.000   -    0.000   -  
OGLE-SMC-CEP-0308  17.424 18.007   0.7769324 0.0000018  6000.51389  0.245  0.267 3.829  0.098 1.811  0.6258059 0.0000037  6000.12624  0.079  0.148 4.818  0.000   -  
OGLE-SMC-CEP-0314  17.326 17.882   0.7603793 0.0000015  6000.61859  0.318  0.293 3.992  0.119 2.040  0.6124416 0.0000047  6000.40734  0.069  0.095 5.238  0.000   -  
OGLE-SMC-CEP-0319  17.314 17.833   0.6749257 0.0000012  6000.55255  0.322  0.289 3.715  0.150 1.730  0.5444893 0.0000038  6000.37161  0.085  0.150 3.742  0.000   -  
OGLE-SMC-CEP-0321  17.261 17.736   0.6704240 0.0000009  6000.56029  0.415  0.260 3.970  0.125 1.665  0.5408785 0.0000079  6000.53239  0.033  0.000   -    0.000   -  
OGLE-SMC-CEP-0353  17.432 18.062   0.6745172 0.0000021  6000.44256  0.260  0.229 3.485  0.109 1.621  0.5437672 0.0000060  6000.07137  0.052  0.000   -    0.000   -  
OGLE-SMC-CEP-0364  17.320 17.856   0.7174723 0.0000009  6000.53402  0.354  0.318 3.814  0.113 1.765  0.5781710 0.0000074  6000.50362  0.033  0.000   -    0.000   -  
OGLE-SMC-CEP-0399  17.489 18.138   0.6495837 0.0000010  6000.03828  0.347  0.337 1.554  0.392 5.864  0.5249289 0.0000014  6000.04686  0.031  0.000   -    0.000   -  
OGLE-SMC-CEP-0453  17.285 17.891   0.8425713 0.0000023  6000.21495  0.302  0.289 3.951  0.109 1.858  0.6774377 0.0000072  6000.45506  0.063  0.000   -    0.000   -  
OGLE-SMC-CEP-0488  17.473 18.069   0.7058466 0.0000023  6000.42504  0.291  0.268 3.865  0.095 1.735  0.5693264 0.0000060  6000.08586  0.075  0.110 4.548  0.000   -  
OGLE-SMC-CEP-0500  16.753 17.319   0.7043634 0.0000018  6000.41647  0.214  0.277 3.848  0.112 1.670  0.5673504 0.0000073  6000.38779  0.044  0.150 4.237  0.000   -  
OGLE-SMC-CEP-0511  17.339 17.790   0.6191941 0.0000006  6000.28180  0.387  0.208 3.747  0.127 1.243  0.4992357 0.0000067  6000.01582  0.041  0.000   -    0.000   -  
OGLE-SMC-CEP-0515  17.623 18.218   0.6770332 0.0000016  6000.22131  0.267  0.241 3.575  0.143 1.485  0.5463107 0.0000036  6000.48040  0.082  0.125 3.995  0.000   -  
OGLE-SMC-CEP-0520  17.506 18.097   0.6610948 0.0000016  6000.02826  0.249  0.238 3.680  0.136 1.577  0.5342607 0.0000032  6000.49544  0.091  0.110 4.623  0.000   -  
OGLE-SMC-CEP-0632  17.282 17.842   0.7053816 0.0000012  6000.19472  0.279  0.245 3.798  0.112 1.499  0.5688647 0.0000035  6000.04776  0.069  0.130 3.971  0.000   -  
OGLE-SMC-CEP-0653  17.390 17.987   0.7405562 0.0000015  6000.73479  0.288  0.256 3.994  0.120 1.809  0.5964935 0.0000056  6000.37530  0.081  0.171 4.694  0.130 5.255
OGLE-SMC-CEP-0655  17.272 17.830   0.7852612 0.0000013  6000.46205  0.344  0.294 3.909  0.111 1.810  0.6324987 0.0000067  6000.07505  0.048  0.000   -    0.000   -  
OGLE-SMC-CEP-0743  17.301 17.852   0.7422923 0.0000013  6000.25790  0.236  0.236 3.864  0.095 1.622  0.5983857 0.0000062  6000.47188  0.037  0.000   -    0.115   -  
OGLE-SMC-CEP-0754  17.797 18.582   0.7248056 0.0000015  6000.07779  0.366  0.292 3.875  0.127 1.748  0.5840046 0.0000079  6000.35153  0.056  0.000   -    0.000   -  
OGLE-SMC-CEP-0781  17.335 17.823   0.6551364 0.0000027  6000.33127  0.287  0.240 3.644  0.135 1.451  0.5280428 0.0000099  6000.09771  0.061  0.151 5.678  0.204 3.522
OGLE-SMC-CEP-0812  17.303 17.841   0.6907859 0.0000019  6000.63781  0.305  0.224 3.620  0.137 1.853  0.5568494 0.0000062  6000.08129  0.068  0.102   -    0.000   -  
OGLE-SMC-CEP-0845  18.208 18.885   0.5031558 0.0000013  6000.03571  0.275  0.100 2.801  0.155 6.278  0.4060223 0.0000041  6000.09423  0.051  0.000   -    0.000   -  
OGLE-SMC-CEP-0846  17.310 17.865   0.6914863 0.0000023  6000.43718  0.271  0.250 3.798  0.099 1.699  0.5570239 0.0000082  6000.19916  0.063  0.335 5.227  0.000   -  
OGLE-SMC-CEP-0864  16.991 17.679   0.9899474 0.0000039  6000.59744  0.269  0.197 4.296  0.066 1.999  0.7946014 0.0000202  6000.21434  0.056  0.167 3.800  0.000   -  
OGLE-SMC-CEP-0909  17.430 17.928   0.6248068 0.0000010  6000.02061  0.267  0.214 3.589  0.123 1.357  0.5039960 0.0000032  6000.03671  0.065  0.114 4.305  0.000   -  
OGLE-SMC-CEP-0919  16.649 17.325   0.5550363 0.0000010  6000.19437  0.153  0.203 3.321  0.137 0.932  0.4474972 0.0000039  6000.26363  0.029  0.164   -    0.000   -  
OGLE-SMC-CEP-0922  17.565 18.119   0.5529702 0.0000023  6000.25088  0.112  0.184 1.945  0.087 0.270  0.4468466 0.0000082  6000.03153  0.019  0.000   -    0.000   -  
OGLE-SMC-CEP-0928  17.185 17.727   0.8100560 0.0000014  6000.00382  0.309  0.273 4.021  0.087 2.143  0.6516521 0.0000045  6000.20599  0.070  0.147 5.252  0.000   -  
OGLE-SMC-CEP-0952  16.875 17.443   0.7392395 0.0000010  6000.73510  0.284  0.302 3.970  0.106 1.872  0.5955503 0.0000058  6000.53420  0.041  0.000   -    0.000   -  
OGLE-SMC-CEP-0959  17.007 17.658   1.0029200 0.0000054  6000.40573  0.234  0.249 4.309  0.075 2.046  0.8043225 0.0000077  6000.42031  0.049  0.146 5.432  0.191 1.905
OGLE-SMC-CEP-0961  17.354 17.854   0.6386590 0.0000077  6000.61689  0.304  0.290 4.117  0.083 0.843  0.5148874 0.0000121  6000.16353  0.159  0.101   -    0.157 0.026
OGLE-SMC-CEP-0963  17.569 18.138   0.6113020 0.0000013  6000.26566  0.248  0.195 3.622  0.105 1.556  0.4931431 0.0000037  6000.27850  0.058  0.174 4.083  0.000   -  
OGLE-SMC-CEP-0980  17.029    -     0.8309570 0.0000029  6000.33746  0.314  0.277 4.160  0.100 2.153  0.6687390 0.0000087  6000.10497  0.092  0.000   -    0.000   -  
OGLE-SMC-CEP-0991  17.674 18.225   0.5840657 0.0000014  6000.50478  0.298  0.231 3.522  0.155 1.457  0.4712085 0.0000040  6000.19351  0.074  0.000   -    0.000   -  
OGLE-SMC-CEP-0998  17.351 17.914   0.7102843 0.0000170  6000.69221  0.019  0.000   -    0.000   -    0.5730383 0.0000054  6000.37169  0.043  0.000   -    0.000   -  
OGLE-SMC-CEP-1013  17.768 18.554   0.6552303 0.0000028  6000.24615  0.309  0.287 3.807  0.060 1.307  0.5281627 0.0000072  6000.09704  0.078  0.000   -    0.000   -  
OGLE-SMC-CEP-1063  17.440 17.977   0.6571190 0.0000015  6000.31977  0.337  0.234 3.707  0.093 1.487  0.5296572 0.0000060  6000.01217  0.070  0.000   -    0.000   -  
OGLE-SMC-CEP-1077  17.573 18.156   0.6565180 0.0000013  6000.64150  0.302  0.247 3.650  0.132 1.363  0.5289621 0.0000043  6000.30233  0.063  0.000   -    0.000   -  
OGLE-SMC-CEP-1083  17.395 17.868   0.6098739 0.0000010  6000.14097  0.328  0.266 3.694  0.132 1.533  0.4917457 0.0000042  6000.38524  0.062  0.000   -    0.000   -  
OGLE-SMC-CEP-1097  16.828 17.426   0.9596232 0.0000020  6000.49987  0.296  0.239 4.053  0.053 1.688  0.7713302 0.0000108  6000.65192  0.038  0.000   -    0.000   -  
OGLE-SMC-CEP-1104  17.586 18.237   0.6719551 0.0000015  6000.28097  0.249  0.211 3.733  0.092 1.887  0.5416340 0.0000052  6000.37075  0.053  0.000   -    0.000   -  
OGLE-SMC-CEP-1121  17.450 18.011   0.7142510 0.0000014  6000.31174  0.324  0.316 3.881  0.118 1.726  0.5753177 0.0000056  6000.13355  0.067  0.000   -    0.000   -  
OGLE-SMC-CEP-1137  17.547 18.071   0.7215750 0.0000016  6000.71251  0.243  0.263 3.852  0.105 1.766  0.5820210 0.0000041  6000.27006  0.072  0.157 4.596  0.000   -  
OGLE-SMC-CEP-1150  17.390 17.673   0.7745378 0.0000027  6000.22803  0.228  0.174 3.449  0.118 1.151  0.6264894 0.0000044  6000.22606  0.100  0.145 4.446  0.000   -  
OGLE-SMC-CEP-1169  18.111 18.976   0.6518081 0.0000032  6000.35007  0.233  0.213 3.893  0.086 1.330  0.5258879 0.0000107  6000.40724  0.048  0.000   -    0.000   -  
OGLE-SMC-CEP-1175  17.767 18.348   0.5743981 0.0000015  6000.18979  0.242  0.187 3.455  0.101 1.039  0.4633620 0.0000109  6000.03285  0.029  0.000   -    0.000   -  
OGLE-SMC-CEP-1186  17.035 17.547   0.7936914 0.0000012  6000.14333  0.299  0.265 4.081  0.092 2.292  0.6386357 0.0000039  6000.47079  0.070  0.167 4.703  0.000   -  
OGLE-SMC-CEP-1198  18.462 19.632   0.6606106 0.0000019  6000.64257  0.356  0.267 3.749  0.120 1.361  0.5322337 0.0000069  6000.52559  0.071  0.000   -    0.000   -  
OGLE-SMC-CEP-1207  17.733 18.249   0.5922182 0.0000012  6000.46458  0.301  0.181 3.837  0.107 1.279  0.4779220 0.0000039  6000.12057  0.054  0.000   -    0.000   -  
OGLE-SMC-CEP-1218  17.350 17.925   0.7043978 0.0000027  6000.44847  0.256  0.258 3.557  0.151 1.268  0.5676398 0.0000141  6000.33459  0.045  0.233 4.490  0.000   -  
OGLE-SMC-CEP-1243  17.363 17.890   0.6581045 0.0000014  6000.44507  0.293  0.248 3.540  0.134 1.627  0.5303969 0.0000042  6000.08545  0.073  0.122 4.672  0.089   -  
OGLE-SMC-CEP-1302  17.414 17.965   0.6843732 0.0000014  6000.27385  0.264  0.252 3.878  0.123 1.835  0.5518488 0.0000041  6000.08953  0.067  0.000   -    0.117 4.519
OGLE-SMC-CEP-1332  17.379 17.976   0.7525013 0.0000015  6000.25918  0.266  0.246 3.833  0.116 1.785  0.6061627 0.0000042  6000.36310  0.069  0.102 4.979  0.000   -  
OGLE-SMC-CEP-1350  17.483 18.106   0.6659948 0.0000020  6000.34080  0.254  0.216 3.281  0.138 1.181  0.5378014 0.0000067  6000.52866  0.056  0.000   -    0.000   -  
OGLE-SMC-CEP-1406  17.381 18.078   0.7396892 0.0000018  6000.70726  0.203  0.260 3.711  0.108 1.632  0.5962188 0.0000036  6000.33934  0.082  0.000   -    0.089 2.041
OGLE-SMC-CEP-1431  16.828 17.426   0.8420267 0.0000018  6000.34913  0.235  0.267 4.124  0.091 2.157  0.6775420 0.0000043  6000.48393  0.069  0.113 5.170  0.000   -  
OGLE-SMC-CEP-1441  15.989 16.594   1.5922285 0.0000075  6001.42777  0.136  0.108 4.215  0.000   -    1.2700708 0.0000660  6000.86800  0.010  0.000   -    0.000   -  
OGLE-SMC-CEP-1457  17.299 17.870   0.7716213 0.0000031  6000.60544  0.176  0.212 3.768  0.063 2.080  0.6224506 0.0000078  6000.15834  0.057  0.118 3.733  0.184 4.402
OGLE-SMC-CEP-1471  18.010 18.443   0.3271798 0.0000009  6000.09217  0.123  0.191 0.526  0.113 5.320  0.2646029 0.0000026  6000.20901  0.026  0.000   -    0.000   -  
OGLE-SMC-CEP-1508  17.574 18.225   0.7562379 0.0000013  6000.74427  0.361  0.313 3.752  0.133 1.840  0.6088741 0.0000089  6000.36512  0.035  0.358 5.322  0.000   -  
OGLE-SMC-CEP-1513  16.690 17.176   0.9700342 0.0000019  6000.55494  0.216  0.186 4.153  0.041 2.030  0.7791331 0.0000053  6000.10781  0.053  0.073   -    0.000   -  
OGLE-SMC-CEP-1532  17.221 17.783   0.7288780 0.0000020  6000.24401  0.271  0.247 3.688  0.086 1.632  0.5869920 0.0000079  6000.14378  0.049  0.000   -    0.000   -  
OGLE-SMC-CEP-1536  16.466 17.009   1.1155324 0.0000075  6000.94162  0.183  0.131 4.039  0.000   -    0.8978788 0.0000141  6000.85335  0.068  0.114 5.568  0.000   -  
OGLE-SMC-CEP-1540  17.036 17.514   0.7468975 0.0000009  6000.19575  0.395  0.304 3.925  0.103 1.736  0.6018172 0.0000113  6000.42574  0.025  0.000   -    0.000   -  
OGLE-SMC-CEP-1571  17.608 18.321   0.7227744 0.0000018  6000.15414  0.205  0.244 3.791  0.123 1.910  0.5827833 0.0000034  6000.43487  0.075  0.204 4.579  0.000   -  
OGLE-SMC-CEP-1595  17.335 17.958   0.8286578 0.0000022  6000.19013  0.290  0.274 4.029  0.114 1.942  0.6667527 0.0000054  6000.65055  0.080  0.197 5.252  0.000   -  
OGLE-SMC-CEP-1600  17.196 17.688   0.7720664 0.0000010  6000.24749  0.367  0.297 3.988  0.105 1.904  0.6215395 0.0000110  6000.55815  0.022  0.000   -    0.000   -  
OGLE-SMC-CEP-1606  18.600 19.163   0.3525089 0.0000010  6000.10213  0.231  0.107 0.263  0.124 5.424  0.2846485 0.0000050  6000.23177  0.031  0.000   -    0.000   -  
OGLE-SMC-CEP-1609  17.432 18.001   0.6934735 0.0000023  6000.25249  0.235  0.236 3.820  0.148 1.912  0.5588207 0.0000045  6000.01562  0.088  0.157 4.108  0.143 3.977
OGLE-SMC-CEP-1612  17.116 17.676   0.7153753 0.0000011  6000.07956  0.287  0.270 3.948  0.110 2.073  0.5765655 0.0000030  6000.44455  0.082  0.093 5.009  0.000   -  
OGLE-SMC-CEP-1619  17.508 18.041   0.6151125 0.0000012  6000.03975  0.307  0.209 3.557  0.159 1.248  0.4961574 0.0000029  6000.21018  0.081  0.172 4.146  0.000   -  
OGLE-SMC-CEP-1639  17.038 17.684   0.8730231 0.0000026  6000.24857  0.176  0.166 3.909  0.052 1.570  0.7045480 0.0000056  6000.26057  0.053  0.000   -    0.000   -  
OGLE-SMC-CEP-1649  17.217 17.667   0.7593020 0.0000003  6000.00412  0.337  0.222 4.096  0.113 1.891  0.6112600 0.0000010  6000.55927  0.069  0.118 5.084  0.000   -  
OGLE-SMC-CEP-1661  17.216 17.775   0.7350643 0.0000013  6000.02221  0.374  0.219 3.906  0.109 1.574  0.5928107 0.0000070  6000.30133  0.048  0.289 4.454  0.000   -  
OGLE-SMC-CEP-1666  17.658 18.274   0.6424082 0.0000017  6000.06338  0.284  0.229 3.498  0.144 1.335  0.5188707 0.0000043  6000.09241  0.079  0.107   -    0.000   -  
OGLE-SMC-CEP-1670  17.371 17.879   0.6473352 0.0000013  6000.03957  0.327  0.252 3.661  0.142 1.339  0.5216780 0.0000060  6000.46696  0.049  0.000   -    0.000   -  
OGLE-SMC-CEP-1676  17.975 18.501   0.4965655 0.0000009  6000.38752  0.394  0.252 3.568  0.164 1.151  0.4016300 0.0000047  6000.29382  0.056  0.000   -    0.000   -  
OGLE-SMC-CEP-1745  17.128    -     0.7812137 0.0000026  6000.46171  0.354  0.290 3.955  0.079 1.872  0.6289935 0.0000085  6000.04565  0.051  0.258 3.372  0.000   -  
OGLE-SMC-CEP-1749  17.403 17.926   0.6534685 0.0000014  6000.26599  0.354  0.257 3.907  0.103 1.615  0.5269743 0.0000048  6000.19924  0.058  0.000   -    0.000   -  
OGLE-SMC-CEP-1789  17.084 17.629   0.7136528 0.0000016  6000.12084  0.295  0.261 3.868  0.111 1.740  0.5745466 0.0000061  6000.14276  0.056  0.229 4.177  0.000   -  
OGLE-SMC-CEP-1804  17.179 17.717   0.7362592 0.0000015  6000.00518  0.275  0.244 3.706  0.126 1.511  0.5935554 0.0000034  6000.17705  0.084  0.120 4.665  0.000   -  
OGLE-SMC-CEP-1837  17.285 17.942   0.7669242 0.0000016  6000.32215  0.251  0.259 3.831  0.125 1.690  0.6177508 0.0000034  6000.21682  0.080  0.087 4.728  0.000   -  
OGLE-SMC-CEP-1860  17.270 18.039   0.7188972 0.0000021  6000.57184  0.245  0.236 3.505  0.131 1.575  0.5799765 0.0000048  6000.00100  0.074  0.000   -    0.000   -  
OGLE-SMC-CEP-1912  17.315 17.875   0.7220284 0.0000023  6000.35637  0.297  0.266 3.926  0.129 1.902  0.5815914 0.0000101  6000.08185  0.058  0.241 5.912  0.000   -  
OGLE-SMC-CEP-1963  17.349 17.931   0.6962789 0.0000019  6000.29434  0.310  0.258 3.901  0.137 1.661  0.5608146 0.0000098  6000.48894  0.049  0.315 3.956  0.000   -  
OGLE-SMC-CEP-1974  17.296 17.829   0.7138951 0.0000015  6000.10734  0.306  0.236 3.950  0.104 1.831  0.5755533 0.0000050  6000.10977  0.069  0.000   -    0.000   -  
OGLE-SMC-CEP-1982  18.261 18.760   0.3567263 0.0000006  6000.12624  0.306  0.081 5.540  0.089 5.241  0.2881502 0.0000022  6000.13059  0.056  0.000   -    0.000   -  
OGLE-SMC-CEP-2001  17.676 18.234   0.7154817 0.0000025  6000.24422  0.287  0.256 4.006  0.124 1.738  0.5774443 0.0000294  6000.25004  0.015  0.000   -    0.000   -  
OGLE-SMC-CEP-2003  17.465 18.039   0.6141987 0.0000016  6000.55081  0.211  0.176 2.858  0.158 0.829  0.4964968 0.0000052  6000.27654  0.053  0.134 3.722  0.125 1.973
OGLE-SMC-CEP-2007  17.401 17.907   0.6565569 0.0000011  6000.20964  0.318  0.263 3.803  0.112 1.440  0.5291231 0.0000059  6000.26806  0.041  0.000   -    0.183 4.367
OGLE-SMC-CEP-2022  17.273 17.829   0.7225769 0.0000016  6000.55212  0.292  0.299 3.999  0.121 2.364  0.5820707 0.0000065  6000.03937  0.067  0.000   -    0.000   -  
OGLE-SMC-CEP-2036  17.234 17.773   0.7675821 0.0000013  6000.13443  0.303  0.269 3.947  0.112 1.981  0.6182996 0.0000042  6000.25454  0.074  0.073   -    0.000   -  
OGLE-SMC-CEP-2040  17.437 17.991   0.6996828 0.0000015  6000.12392  0.267  0.247 3.655  0.134 1.532  0.5638796 0.0000037  6000.45779  0.077  0.114 4.104  0.000   -  
OGLE-SMC-CEP-2071  17.832 18.406   0.4975813 0.0000011  6000.46831  0.267  0.000   -    0.141 6.129  0.4017215 0.0000032  6000.30949  0.050  0.000   -    0.000   -  
OGLE-SMC-CEP-2091  17.184 17.728   0.7193133 0.0000018  6000.43288  0.327  0.296 3.817  0.122 1.708  0.5793013 0.0000095  6000.00441  0.061  0.213 4.389  0.000   -  
OGLE-SMC-CEP-2109  17.421 18.004   0.7282979 0.0000033  6000.48835  0.250  0.232 3.955  0.084 1.975  0.5867835 0.0000075  6000.25174  0.065  0.000   -    0.000   -  
OGLE-SMC-CEP-2114  17.098 17.628   0.7995439 0.0000015  6000.12955  0.370  0.314 4.080  0.100 2.026  0.6434577 0.0000133  6000.34857  0.032  0.000   -    0.000   -  
OGLE-SMC-CEP-2142  17.031 17.577   0.8534611 0.0000016  6000.64673  0.305  0.262 4.178  0.064 2.047  0.6865482 0.0000041  6000.42285  0.077  0.000   -    0.000   -  
OGLE-SMC-CEP-2170  16.643 17.251   1.0960331 0.0000081  6001.04771  0.238  0.226 4.325  0.070 2.430  0.8786645 0.0000238  6000.66444  0.076  0.000   -    0.118 0.864
OGLE-SMC-CEP-2182  17.416 17.945   0.6307115 0.0000010  6000.14749  0.333  0.234 3.705  0.146 1.390  0.5087146 0.0000039  6000.42269  0.062  0.153 4.623  0.000   -  
OGLE-SMC-CEP-2222  17.454 18.010   0.7570005 0.0000017  6000.55893  0.333  0.290 3.839  0.108 1.744  0.6093410 0.0000054  6000.08558  0.072  0.242 4.600  0.115 5.182
OGLE-SMC-CEP-2237  16.994 17.466   0.8126387 0.0000007  6000.24824  0.391  0.314 4.010  0.105 1.947  0.6541000 0.0000093  6000.05630  0.025  0.000   -    0.000   -  
OGLE-SMC-CEP-2252  17.076 17.521   0.7717807 0.0000009  6000.23769  0.373  0.314 3.984  0.117 1.928  0.6216682 0.0000056  6000.58588  0.043  0.000   -    0.000   -  
OGLE-SMC-CEP-2284  17.250 17.826   0.7332404 0.0000013  6000.00216  0.294  0.291 3.840  0.143 1.714  0.5904637 0.0000041  6000.37134  0.078  0.123 4.637  0.000   -  
OGLE-SMC-CEP-2292  17.662 18.262   0.7217860 0.0000019  6000.50253  0.269  0.248 3.910  0.131 1.944  0.5823908 0.0000040  6000.10824  0.093  0.167 5.099  0.000   -  
OGLE-SMC-CEP-2317  17.192 17.812   0.8482500 0.0000039  6000.83711  0.252  0.197 3.994  0.048 2.146  0.6818066 0.0000089  6000.25967  0.072  0.104 5.702  0.000   -  
OGLE-SMC-CEP-2332  17.163 17.744   0.8308702 0.0000026  6000.69209  0.272  0.246 4.008  0.069 2.187  0.6690282 0.0000168  6000.48992  0.035  0.000   -    0.000   -  
OGLE-SMC-CEP-2337  17.167 17.696   0.7640289 0.0000016  6000.57749  0.360  0.301 4.057  0.115 2.117  0.6155618 0.0000067  6000.13827  0.057  0.000   -    0.000   -  
OGLE-SMC-CEP-2368  17.376 17.926   0.7427543 0.0000014  6000.56247  0.342  0.295 3.976  0.098 2.144  0.5978843 0.0000067  6000.59050  0.050  0.000   -    0.120   -  
OGLE-SMC-CEP-2383  17.379 17.861   0.6311415 0.0000010  6000.39174  0.362  0.224 3.693  0.115 1.199  0.5089103 0.0000044  6000.27045  0.051  0.000   -    0.000   -  
OGLE-SMC-CEP-2394  16.910 17.419   0.8747462 0.0000012  6000.60398  0.355  0.291 4.070  0.080 1.951  0.7031051 0.0000314  6000.28494  0.008  0.000   -    0.000   -  
OGLE-SMC-CEP-2414  16.873 17.519   0.8492298 0.0000019  6000.37953  0.227  0.269 4.083  0.095 2.065  0.6825908 0.0000040  6000.21814  0.070  0.107 4.746  0.000   -  
OGLE-SMC-CEP-2417  17.359 17.858   0.6457437 0.0000013  6000.62617  0.279  0.220 3.461  0.159 1.205  0.5208675 0.0000030  6000.39486  0.088  0.097 3.792  0.000   -  
OGLE-SMC-CEP-2431  17.535 18.267   0.6188909 0.0000021  6000.13367  0.268  0.269 3.519  0.193 1.661  0.4992350 0.0000102  6000.48946  0.104  0.203 5.000  0.000   -  
OGLE-SMC-CEP-2452  17.300 17.765   0.6486524 0.0000019  6000.57072  0.297  0.235 3.626  0.144 1.742  0.5231286 0.0000057  6000.01626  0.106  0.134   -    0.000   -  
OGLE-SMC-CEP-2465  17.295 17.880   0.7763913 0.0000013  6000.56198  0.349  0.294 3.947  0.092 1.849  0.6249781 0.0000095  6000.41459  0.032  0.000   -    0.000   -  
OGLE-SMC-CEP-2490  17.351 17.849   0.6430602 0.0000008  6000.25618  0.319  0.274 3.769  0.161 1.781  0.5185768 0.0000030  6000.12647  0.086  0.136 4.418  0.000   -  
OGLE-SMC-CEP-2507  18.788 19.339   0.2775568 0.0000009  6000.12283  0.139  0.213 0.114  0.000   -    0.2239719 0.0000018  6000.19750  0.049  0.000   -    0.000   -  
OGLE-SMC-CEP-2527  18.433 19.021   0.3292266 0.0000012  6000.29920  0.138  0.098 0.348  0.119   -    0.2653882 0.0000027  6000.23339  0.033  0.000   -    0.000   -  
OGLE-SMC-CEP-2531  17.190 17.769   0.7156406 0.0000013  6000.33863  0.263  0.242 3.867  0.127 1.922  0.5768912 0.0000030  6000.56520  0.082  0.134 4.498  0.000   -  
OGLE-SMC-CEP-2559  17.577 18.184   0.5774914 0.0000035  6000.31697  0.176  0.126 3.155  0.147 0.972  0.4671666 0.0000068  6000.02053  0.073  0.397 4.105  0.000   -  
OGLE-SMC-CEP-2570  16.988 17.496   0.8139880 0.0000016  6000.38746  0.288  0.273 4.006  0.095 2.064  0.6549001 0.0000050  6000.50339  0.064  0.000   -    0.000   -  
OGLE-SMC-CEP-2583  17.366 17.863   0.5853744 0.0000007  6000.56585  0.349  0.243 3.682  0.120 1.289  0.4724736 0.0000036  6000.37212  0.054  0.000   -    0.000   -  
OGLE-SMC-CEP-2687  17.438 17.917   0.6141854 0.0000010  6000.37586  0.291  0.180 3.600  0.097 0.984  0.4954098 0.0000038  6000.11473  0.053  0.000   -    0.000   -  
OGLE-SMC-CEP-2688  17.120 17.625   0.7383625 0.0000009  6000.38824  0.393  0.310 3.994  0.111 1.945  0.5950342 0.0000071  6000.30645  0.037  0.000   -    0.000   -  
OGLE-SMC-CEP-2708  17.399 17.838   0.5223294 0.0000007  6000.43223  0.385  0.204 3.775  0.122 0.997  0.4214377 0.0000051  6000.36770  0.028  0.000   -    0.000   -  
OGLE-SMC-CEP-2719  17.244 17.697   0.7058871 0.0000013  6000.63833  0.296  0.256 3.838  0.107 1.704  0.5685889 0.0000045  6000.53997  0.054  0.121 5.354  0.000   -  
OGLE-SMC-CEP-2741  16.853 17.434   0.8444973 0.0000068  6000.75890  0.160  0.146 3.798  0.069 0.823  0.6807862 0.0000060  6000.29234  0.057  0.227 4.728  0.234 2.131
OGLE-SMC-CEP-2753  17.285 17.841   0.7447938 0.0000023  6000.64569  0.260  0.276 3.898  0.109 1.877  0.6001663 0.0000052  6000.41476  0.075  0.106 3.966  0.000   -  
OGLE-SMC-CEP-2759  17.516 18.182   0.7154179 0.0000014  6000.50534  0.257  0.231 3.605  0.128 1.660  0.5769792 0.0000032  6000.31047  0.089  0.147 4.482  0.000   -  
OGLE-SMC-CEP-2770  16.744 17.239   0.9310494 0.0000016  6000.19214  0.335  0.269 4.201  0.064 2.145  0.7481815 0.0000067  6000.31384  0.060  0.000   -    0.000   -  
OGLE-SMC-CEP-2772  17.790 18.350   0.6152511 0.0000014  6000.23503  0.325  0.199 3.399  0.196 1.016  0.4966268 0.0000047  6000.29720  0.112  0.103 3.309  0.154 0.445
OGLE-SMC-CEP-2786  17.075 17.550   0.7216928 0.0000017  6000.51571  0.337  0.278 3.836  0.090 1.827  0.5814722 0.0000085  6000.06764  0.063  0.110   -    0.172 5.970
OGLE-SMC-CEP-2817  17.217 17.797   0.7968728 0.0000014  6000.73203  0.331  0.301 3.953  0.115 2.039  0.6408362 0.0000098  6000.23348  0.036  0.000   -    0.000   -  
OGLE-SMC-CEP-2823  17.530 18.013   0.6915364 0.0000018  6000.52074  0.252  0.240 3.742  0.109 1.733  0.5575367 0.0000038  6000.18322  0.083  0.148 4.393  0.000   -  
OGLE-SMC-CEP-2869  17.404 17.916   0.6664976 0.0000011  6000.62194  0.358  0.259 3.958  0.124 1.541  0.5373703 0.0000058  6000.13828  0.059  0.143 2.268  0.132 5.495
OGLE-SMC-CEP-2882  17.254 17.717   0.6960477 0.0000012  6000.31357  0.340  0.225 3.708  0.107 1.284  0.5619452 0.0000047  6000.08063  0.067  0.000   -    0.000   -  
OGLE-SMC-CEP-2892  17.296 17.916   0.8286866 0.0000015  6000.82015  0.263  0.288 4.000  0.095 2.094  0.6663739 0.0000040  6000.18640  0.073  0.136 5.013  0.000   -  
OGLE-SMC-CEP-2895  17.308 18.002   0.8841680 0.0000021  6000.66666  0.216  0.261 3.916  0.072 1.904  0.7103198 0.0000052  6000.49367  0.064  0.131 4.921  0.000   -  
OGLE-SMC-CEP-2907  17.886 18.416   0.4902934 0.0000007  6000.04366  0.303  0.168 2.786  0.207 0.605  0.3960133 0.0000032  6000.09224  0.050  0.000   -    0.000   -  
OGLE-SMC-CEP-2914  17.730 18.243   0.5631769 0.0000007  6000.15260  0.351  0.231 3.677  0.158 1.224  0.4542371 0.0000031  6000.28447  0.078  0.110 4.796  0.000   -  
OGLE-SMC-CEP-2939  17.478 18.019   0.6316876 0.0000017  6000.34311  0.220  0.175 3.727  0.072 1.687  0.5095652 0.0000055  6000.17812  0.049  0.000   -    0.000   -  
OGLE-SMC-CEP-2950  17.324 17.922   0.7002641 0.0000014  6000.48825  0.239  0.231 3.674  0.137 1.655  0.5649511 0.0000030  6000.45864  0.087  0.102 4.979  0.000   -  
OGLE-SMC-CEP-2960  16.841 17.371   0.8708364 0.0000015  6000.53579  0.310  0.284 3.911  0.096 1.880  0.7007045 0.0000047  6000.61494  0.072  0.086 5.222  0.000   -  
OGLE-SMC-CEP-2966  17.400 17.853   0.6105306 0.0000009  6000.31410  0.338  0.230 3.789  0.122 1.504  0.4924104 0.0000019  6000.25641  0.105  0.057   -    0.000   -  
OGLE-SMC-CEP-2982  17.184 17.752   0.7597784 0.0000024  6000.12182  0.269  0.257 3.836  0.137 1.711  0.6113847 0.0000069  6000.38539  0.070  0.144 4.424  0.073   -  
OGLE-SMC-CEP-3010  17.101 17.669   0.6804834 0.0000030  6000.17148  0.222  0.222 3.649  0.094 1.653  0.5487785 0.0000107  6000.29772  0.013  0.000   -    0.000   -  
OGLE-SMC-CEP-3047  17.075    -     0.8445875 0.0000008  6000.45614  0.351  0.264 4.872  0.000   -    0.6791447 0.0000024  6000.06597  0.069  0.092 4.937  0.000   -  
OGLE-SMC-CEP-3068  17.545 18.155   0.7019617 0.0000018  6000.68011  0.288  0.247 3.827  0.135 1.683  0.5659266 0.0000049  6000.17702  0.071  0.144 5.175  0.000   -  
OGLE-SMC-CEP-3085  17.296 17.878   0.6663929 0.0000017  6000.38966  0.165  0.181 3.640  0.056 1.826  0.5378407 0.0000027  6000.52085  0.067  0.000   -    0.000   -  
OGLE-SMC-CEP-3100  17.435 17.885   0.7382291 0.0000028  6000.47037  0.348  0.289 3.961  0.132 1.873  0.5945050 0.0000087  6000.40806  0.073  0.000   -    0.181 6.067
OGLE-SMC-CEP-3106  17.374 17.960   0.7565502 0.0000039  6000.66260  0.289  0.290 4.193  0.113 2.721  0.6092363 0.0000070  6000.19733  0.108  0.000   -    0.000   -  
OGLE-SMC-CEP-3120  17.455 17.957   0.6152433 0.0000012  6000.26321  0.242  0.222 3.381  0.117 1.154  0.4953634 0.0000035  6000.32177  0.054  0.000   -    0.000   -  
OGLE-SMC-CEP-3129  17.484 17.970   0.6748735 0.0000014  6000.59314  0.344  0.299 3.857  0.134 1.836  0.5445487 0.0000064  6000.30182  0.068  0.193 4.960  0.111 2.446
OGLE-SMC-CEP-3140  16.941 17.413   0.7118552 0.0000007  6000.48720  0.400  0.307 3.931  0.123 1.741  0.5740683 0.0000052  6000.11833  0.037  0.000   -    0.000   -  
OGLE-SMC-CEP-3181  17.442 18.041   0.7465364 0.0000075  6000.36074  0.133  0.159 4.211  0.092 0.564  0.6022566 0.0000119  6000.29137  0.077  0.129 5.812  0.175 5.552
OGLE-SMC-CEP-3182  17.020 17.573   0.7852323 0.0000009  6000.50844  0.329  0.292 4.008  0.103 2.038  0.6316316 0.0000048  6000.41363  0.048  0.000   -    0.000   -  
OGLE-SMC-CEP-3185  17.498 18.035   0.5767015 0.0000010  6000.06578  0.282  0.224 3.473  0.203 1.302  0.4662107 0.0000021  6000.36619  0.088  0.126 4.010  0.000   -  
OGLE-SMC-CEP-3197  17.397 17.883   0.6435215 0.0000015  6000.32548  0.316  0.292 3.768  0.165 1.916  0.5192220 0.0000056  6000.09648  0.071  0.162 4.599  0.078 4.590
OGLE-SMC-CEP-3205  17.555 18.071   0.6273325 0.0000011  6000.31660  0.336  0.286 3.769  0.125 1.554  0.5061303 0.0000044  6000.28163  0.063  0.000   -    0.000   -  
OGLE-SMC-CEP-3264  16.809 17.385   0.7889130 0.0000019  6000.13070  0.251  0.260 3.798  0.106 1.811  0.6344594 0.0000073  6000.36989  0.058  0.000   -    0.000   -  
OGLE-SMC-CEP-3265  17.164 17.721   0.6854536 0.0000015  6000.18154  0.302  0.301 3.851  0.137 1.738  0.5525967 0.0000040  6000.54768  0.068  0.106 4.944  0.000   -  
OGLE-SMC-CEP-3278  17.441 17.950   0.5739904 0.0000008  6000.01143  0.326  0.237 3.599  0.143 1.316  0.4630931 0.0000028  6000.25127  0.076  0.107 4.915  0.119 4.552
OGLE-SMC-CEP-3318  17.305 17.795   0.6772571 0.0000011  6000.60255  0.339  0.252 3.751  0.122 1.518  0.5457464 0.0000060  6000.23207  0.043  0.000   -    0.119 1.598
OGLE-SMC-CEP-3344  17.316 17.916   0.7867177 0.0000017  6000.07770  0.228  0.242 3.875  0.109 1.791  0.6335968 0.0000059  6000.16907  0.046  0.000   -    0.000   -  
OGLE-SMC-CEP-3347  17.405 17.972   0.6172233 0.0000012  6000.61019  0.297  0.232 3.558  0.131 1.379  0.4977912 0.0000042  6000.07844  0.058  0.000   -    0.000   -  
OGLE-SMC-CEP-3368  16.308 16.790   1.2413204 0.0000028  6000.22849  0.349  0.236 4.373  0.093 2.406  0.9946351 0.0000189  6000.07680  0.044  0.000   -    0.219 1.208
OGLE-SMC-CEP-3371  17.487 17.950   0.6112640 0.0000016  6000.34357  0.357  0.261 3.813  0.111 1.496  0.4928825 0.0000053  6000.24612  0.070  0.129   -    0.000   -  
OGLE-SMC-CEP-3377  17.177 17.657   0.7091528 0.0000044  6000.54277  0.134  0.076 3.305  0.054 2.599  0.5733918 0.0000143  6000.38089  0.015  0.000   -    0.000   -  
OGLE-SMC-CEP-3399  17.325 17.909   0.7478060 0.0000036  6000.72748  0.160  0.213 3.501  0.094 1.481  0.6036214 0.0000127  6000.49430  0.038  0.134   -    0.000   -  
OGLE-SMC-CEP-3610  16.924 17.415   0.7503897 0.0000037  6000.64724  0.212  0.238 3.771  0.133 1.639  0.6055072 0.0000052  6000.17248  0.047  0.389 3.693  0.000   -  
OGLE-SMC-CEP-3648  16.322 16.811   1.1311246 0.0000015  6000.84141  0.305  0.248 4.232  0.057 2.063  0.9085138 0.0000088  6000.90665  0.040  0.000   -    0.000   -  
OGLE-SMC-CEP-3660  17.086    -     0.3867429 0.0000002  6000.16010  0.122  0.153   -    0.142 3.951  0.3125134 0.0000012  6000.02370  0.014  0.000   -    0.000   -  
OGLE-SMC-CEP-3695  17.048 17.578   0.8338972 0.0000025  6000.34511  0.335  0.277 3.981  0.088 1.935  0.6716513 0.0000125  6000.14068  0.050  0.121 1.072  0.000   -  
OGLE-SMC-CEP-3705  17.289 17.772   0.6748884 0.0000016  6000.54279  0.381  0.259 3.864  0.118 1.484  0.5440019 0.0000152  6000.18925  0.040  0.274 4.400  0.280 0.037
OGLE-SMC-CEP-3767  17.047 17.595   0.8359431 0.0000017  6000.24739  0.298  0.260 3.939  0.078 1.877  0.6715641 0.0000059  6000.64782  0.054  0.000   -    0.000   -  
OGLE-SMC-CEP-3779  17.135 17.672   0.7295017 0.0000017  6000.19447  0.308  0.294 3.916  0.120 1.944  0.5875935 0.0000057  6000.19263  0.079  0.111 4.302  0.000   -  
OGLE-SMC-CEP-3808  17.514 18.085   0.6806700 0.0000022  6000.11486  0.245  0.215 3.680  0.112 1.834  0.5485661 0.0000071  6000.48314  0.055  0.172 4.927  0.168 3.198
OGLE-SMC-CEP-3825  16.594 17.017   0.9791406 0.0000008  6000.33165  0.412  0.309 4.429  0.085 2.565  0.7885448 0.0000299  6000.68891  0.008  0.000   -    0.000   -  
OGLE-SMC-CEP-3827  17.390 17.926   0.7359212 0.0000014  6000.19721  0.267  0.267 3.872  0.114 1.970  0.5929993 0.0000033  6000.47785  0.082  0.138 4.530  0.000   -  
OGLE-SMC-CEP-3847  17.254 17.726   0.5944547 0.0000007  6000.55226  0.348  0.249 3.626  0.150 1.418  0.4796748 0.0000033  6000.05069  0.060  0.108 4.486  0.000   -  
OGLE-SMC-CEP-3856  17.323 17.802   0.6387525 0.0000010  6000.18884  0.353  0.185 3.647  0.098 0.894  0.5149525 0.0000067  6000.09799  0.027  0.000   -    0.000   -  
OGLE-SMC-CEP-3906  17.170 17.699   0.7036017 0.0000012  6000.39359  0.265  0.236 3.738  0.116 1.549  0.5673763 0.0000027  6000.37803  0.085  0.123 4.295  0.000   -  
OGLE-SMC-CEP-3967  17.135 17.695   0.8071342 0.0000016  6000.08502  0.251  0.288 3.922  0.112 1.976  0.6498688 0.0000033  6000.06065  0.086  0.121 4.958  0.000   -  
OGLE-SMC-CEP-3984  17.221 17.681   0.7014240 0.0000019  6000.16886  0.306  0.235 3.825  0.085 2.004  0.5652082 0.0000067  6000.01852  0.058  0.000   -    0.000   -  
OGLE-SMC-CEP-4032  17.261 17.581   0.8002849 0.0000021  6000.71290  0.336  0.303 3.968  0.125 1.997  0.6435606 0.0000073  6000.44784  0.083  0.000   -    0.000   -  
OGLE-SMC-CEP-4133  17.232 17.764   0.6555284 0.0000011  6000.05267  0.301  0.270 3.685  0.153 1.542  0.5286841 0.0000029  6000.50030  0.086  0.141 4.666  0.000   -  
OGLE-SMC-CEP-4257  17.341 17.886   0.7180922 0.0000023  6000.15183  0.346  0.268 3.892  0.097 1.761  0.5783327 0.0000103  6000.04667  0.053  0.112   -    0.000   -  
OGLE-SMC-CEP-4301  17.559 18.037   0.5152256 0.0000007  6000.42632  0.313  0.110 3.722  0.085 0.500  0.4152752 0.0000020  6000.39042  0.073  0.000   -    0.000   -  
OGLE-SMC-CEP-4407  17.310 17.868   0.7686705 0.0000017  6000.66407  0.371  0.310 4.023  0.104 2.238  0.6189947 0.0000090  6000.10445  0.049  0.000   -    0.195 1.153
OGLE-SMC-CEP-4409  17.233 17.745   0.5957203 0.0000009  6000.06344  0.327  0.278 3.697  0.169 1.652  0.4807721 0.0000031  6000.27127  0.076  0.121 4.695  0.000   -  
OGLE-SMC-CEP-4480  17.449 18.072   0.7155472 0.0000018  6000.50309  0.289  0.259 3.845  0.135 1.644  0.5759214 0.0000051  6000.38859  0.082  0.083   -    0.091   -  
OGLE-SMC-CEP-4535  17.473 18.065   0.7031216 0.0000013  6000.18583  0.315  0.288 3.880  0.114 1.989  0.5658384 0.0000044  6000.28513  0.082  0.134 4.560  0.000   -  
OGLE-SMC-CEP-4553  16.925 17.460   0.7207026 0.0000025  6000.53486  0.266  0.261 3.832  0.112 1.744  0.5806094 0.0000064  6000.14273  0.068  0.000   -    0.000   -  
OGLE-SMC-CEP-4580  16.952 17.494   0.7601853 0.0000014  6000.03374  0.315  0.278 3.937  0.114 1.972  0.6123643 0.0000038  6000.27065  0.088  0.114 4.967  0.000   -  
OGLE-SMC-CEP-4612  17.082 17.556   0.7375848 0.0000016  6000.35994  0.357  0.307 4.032  0.120 2.112  0.5946757 0.0000066  6000.22629  0.055  0.179 3.588  0.000   -  
OGLE-SMC-CEP-4641  16.860 17.348   1.0136161 0.0000021  6000.64946  0.314  0.247 4.335  0.084 2.069  0.8137923 0.0000151  6000.29655  0.029  0.000   -    0.000   -  
OGLE-SMC-CEP-4642  17.217 17.760   0.7630592 0.0000015  6000.12576  0.334  0.284 3.991  0.120 2.083  0.6145697 0.0000051  6000.45626  0.071  0.129 5.066  0.000   -  
OGLE-SMC-CEP-4695  17.486 18.060   0.7452380 0.0000021  6000.25402  0.256  0.255 3.793  0.100 1.518  0.6003982 0.0000042  6000.26345  0.087  0.119 5.323  0.000   -  
OGLE-SMC-CEP-4699  17.187 17.672   0.6462510 0.0000007  6000.55091  0.400  0.246 3.879  0.125 1.409  0.5211530 0.0000043  6000.35297  0.049  0.000   -    0.000   -  
OGLE-SMC-CEP-4714  17.271 17.801   0.6257943 0.0000008  6000.33362  0.381  0.226 3.790  0.122 1.308  0.5048218 0.0000041  6000.41538  0.048  0.000   -    0.000   -  
OGLE-SMC-CEP-4731  16.757 17.233   0.9047139 0.0000013  6000.60544  0.354  0.281 4.145  0.079 1.957  0.7274994 0.0000111  6000.58345  0.030  0.000   -    0.000   -  
OGLE-SMC-CEP-4771  17.116 17.701   0.7214711 0.0000013  6000.31173  0.251  0.267 3.830  0.115 1.626  0.5816527 0.0000029  6000.46129  0.076  0.149 4.543  0.085 4.200
OGLE-SMC-CEP-4784  16.643 16.721   0.6482380 0.0000139  6000.42233  0.012  0.000   -    0.000   -    0.5209016 0.0000034  6000.12094  0.032  0.000   -    0.000   -  
OGLE-SMC-CEP-4790  17.331 17.746   0.5803685 0.0000009  6000.03256  0.342  0.183 3.717  0.110 1.106  0.4681560 0.0000031  6000.12441  0.061  0.141 4.295  0.000   -  
OGLE-SMC-CEP-4852  17.533 18.035   0.4586777 0.0000013  6000.02762  0.318  0.146 2.471  0.224 0.351  0.3709947 0.0000051  6000.24552  0.062  0.000   -    0.000   -  
OGLE-SMC-CEP-4875  16.997 17.558   0.7511105 0.0000013  6000.73818  0.314  0.281 3.966  0.103 2.216  0.6051763 0.0000051  6000.10532  0.071  0.089 5.612  0.000   -  
OGLE-SMC-CEP-4883  16.961 17.453   0.6623620 0.0000019  6000.19721  0.326  0.230 3.961  0.084 1.832  0.5342747 0.0000060  6000.53384  0.085  0.094 5.598  0.102 0.176
OGLE-SMC-CEP-4918  16.867 17.439   0.7355703 0.0000020  6000.47764  0.246  0.269 3.746  0.098 1.897  0.5929556 0.0000043  6000.45286  0.087  0.066 4.332  0.103 0.175
OGLE-SMC-CEP-4920  17.121 17.740   0.7806722 0.0000024  6000.52503  0.265  0.309 3.849  0.110 1.897  0.6286099 0.0000064  6000.02846  0.079  0.125 5.229  0.087 1.453
OGLE-SMC-CEP-4923  17.120 17.731   0.6696901 0.0000013  6000.16833  0.270  0.254 3.673  0.147 1.533  0.5404221 0.0000029  6000.44258  0.089  0.104 4.591  0.000   -  
OGLE-SMC-CEP-4927  17.683 18.099   0.5072210 0.0000011  6000.22525  0.392  0.284 3.878  0.173 1.856  0.4112142 0.0000054  6000.17855  0.063  0.150 2.640  0.000   -  
OGLE-SMC-CEP-4935  16.898 17.452   0.7453561 0.0000015  6000.52535  0.300  0.291 3.870  0.090 1.881  0.5993376 0.0000056  6000.19777  0.083  0.011   -    0.107 4.829
OGLE-SMC-CEP-4948  17.286    -     0.6768489 0.0000026  6000.04900  0.283  0.278 3.960  0.138 1.837  0.5457479 0.0000061  6000.44235  0.109  0.131 1.022  0.131 1.022
OGLE-SMC-CEP-4949  17.056 17.519   0.6504176 0.0000011  6000.21487  0.375  0.328 3.855  0.156 1.925  0.5252335 0.0000058  6000.23076  0.053  0.163 5.919  0.163 5.919
OGLE-SMC-CEP-4951  16.769 17.222   0.7170500 0.0000013  6000.59111  0.331  0.256 3.937  0.095 1.793  0.5781390 0.0000055  6000.56681  0.065  0.194 4.671  0.084 5.682
OGLE-SMC-CEP-4965  16.048    -     1.0908022 0.0000037  6000.57328  0.159  0.143 4.102  0.000   -    0.8798442 0.0000062  6000.64889  0.071  0.057   -    0.000   -  
OGLE-SMC-CEP-4966  17.046 17.254   0.6284765 0.0000022  6000.33180  0.332  0.237 3.731  0.102 1.783  0.5073644 0.0000090  6000.33140  0.060  0.000   -    0.000   -  
OGLE-SMC-CEP-4971  18.673 19.070   0.2767097 0.0000008  6000.11154  0.128  0.229 5.013  0.141 4.147  0.2235659 0.0000019  6000.04248  0.030  0.000   -    0.000   -  
OGLE-SMC-CEP-4972  17.376 17.918   0.7151207 0.0000008  6000.39195  0.500  0.369 4.266  0.110 2.166  0.5772544 0.0000031  6000.50962  0.014  0.000   -    0.000   -  
OGLE-SMC-CEP-4978  17.198    -     0.6244791 0.0000047  6000.24578  0.314  0.230 3.460  0.167 1.223  0.5036105 0.0000099  6000.32046  0.143  0.140   -    0.225 0.089
