OGLE-SMC-CEP-0086  16.599 17.189   1.8208611 0.0000204  6000.84821  0.209  0.179 4.289  0.041 1.624  1.3386412 0.0000075  6000.11220  0.285  0.215 4.759  0.078 3.231
OGLE-SMC-CEP-0178  16.993 17.610   1.5769690 0.0000145  6000.93965  0.194  0.176 4.347  0.000   -    1.1608222 0.0000058  6000.65167  0.236  0.266 4.849  0.105 3.172
OGLE-SMC-CEP-0253  17.092 17.690   1.4312777 0.0000281  6000.35865  0.046  0.000   -    0.000   -    1.0540815 0.0000030  6000.71496  0.238  0.200 4.662  0.046 2.800
OGLE-SMC-CEP-0285  17.252 17.875   1.1043536 0.0000309  6000.39293  0.099  0.000   -    0.120   -    0.8147718 0.0000057  6000.70807  0.245  0.270 3.851  0.121 1.820
OGLE-SMC-CEP-0403  16.589 17.095   2.2108408 0.0000279  6000.73564  0.289  0.450 2.460  2.272 4.980  1.6183417 0.0000050  6000.90220  0.199  0.128 5.072  0.036 3.993
OGLE-SMC-CEP-0408  16.635 17.285   1.7902353 0.0000175  6000.71282  0.216  0.216 4.246  0.035 2.927  1.3141228 0.0000075  6000.59046  0.270  0.230 4.860  0.084 3.505
OGLE-SMC-CEP-0476  16.833 17.350   1.7043818 0.0000178  6000.25228  0.196  0.231 4.539  0.045 2.081  1.2451584 0.0000070  6000.25582  0.247  0.254 5.066  0.054 3.512
OGLE-SMC-CEP-0703  17.339 18.086   1.3758221 0.0000158  6001.24451  0.102  0.109 4.268  0.000   -    1.0183262 0.0000043  6000.21177  0.202  0.248 4.620  0.058 2.789
OGLE-SMC-CEP-0837  17.439 18.324   1.4162272 0.0000233  6001.02526  0.079  0.102 4.038  0.000   -    1.0385096 0.0000033  6000.16610  0.248  0.236 4.429  0.081 2.566
OGLE-SMC-CEP-0838  16.201 16.863   2.1672801 0.0000192  6001.31894  0.168  0.183 4.468  0.000   -    1.5815051 0.0000073  6000.46778  0.222  0.192 4.919  0.040 3.478
OGLE-SMC-CEP-0871  17.141 17.724   1.2111041 0.0000201  6000.06385  0.046  0.000   -    0.000   -    0.8902129 0.0000023  6000.61968  0.201  0.205 3.906  0.078 1.694
OGLE-SMC-CEP-0892  16.103 16.660   2.0881509 0.0000213  6001.60485  0.158  0.155 4.458  0.028 2.570  1.5264432 0.0000070  6001.03122  0.240  0.168 4.863  0.050 3.586
OGLE-SMC-CEP-0913  16.915 17.641   1.7775028 0.0000175  6000.06778  0.186  0.209 4.378  0.043 2.424  1.2975265 0.0000072  6001.20290  0.231  0.250 4.811  0.072 3.071
OGLE-SMC-CEP-0964  17.269 17.664   0.9254546 0.0000079  6000.26302  0.034  0.225   -    0.000   -    0.6914839 0.0000072  6000.04190  0.086  0.150 0.082  0.000   -  
OGLE-SMC-CEP-1015  15.369 15.863   1.7137747 0.0000041  6001.12266  0.171  0.163 4.432  0.029 3.846  1.2683622 0.0000035  6000.90608  0.103  0.181 4.268  0.055 2.446
OGLE-SMC-CEP-1148  16.136 16.781   1.8409320 0.0000170  6000.70918  0.161  0.147 4.370  0.024 3.082  1.3495616 0.0000053  6000.06984  0.263  0.203 4.757  0.089 3.482
OGLE-SMC-CEP-1191  16.910 17.414   1.5870505 0.0000162  6000.85447  0.193  0.156 4.476  0.086 3.263  1.1657540 0.0000072  6000.39356  0.250  0.247 4.793  0.091 2.854
OGLE-SMC-CEP-1206  16.747 17.412   1.7013470 0.0000200  6000.47352  0.124  0.153 4.834  0.000   -    1.2408819 0.0000047  6000.22361  0.251  0.234 4.701  0.058 3.121
OGLE-SMC-CEP-1209  17.222 18.129   2.0970963 0.0000236  6000.41262  0.156  0.139 4.331  0.000   -    1.5430709 0.0000084  6000.95112  0.234  0.180 5.177  0.063 3.562
OGLE-SMC-CEP-1219  16.900 17.489   1.3658380 0.0000121  6000.49971  0.119  0.096 4.260  0.000   -    1.0037148 0.0000029  6000.58378  0.238  0.245 4.282  0.047 2.258
OGLE-SMC-CEP-1290  17.157 17.699   1.0238527 0.0000176  6000.13246  0.038  0.000   -    0.000   -    0.7557851 0.0000015  6000.51409  0.225  0.250 3.910  0.098 1.878
OGLE-SMC-CEP-1300  16.550 17.171   1.8129418 0.0000180  6001.44535  0.213  0.187 4.235  0.068 2.962  1.3334979 0.0000076  6000.35788  0.258  0.212 4.735  0.070 3.075
OGLE-SMC-CEP-1346  16.421 17.181   2.2882300 0.0000296  6001.57384  0.086  0.126 4.416  0.000   -    1.6689060 0.0000067  6001.06872  0.211  0.124 4.968  0.039 3.565
OGLE-SMC-CEP-1378  16.736 17.370   1.5989619 0.0000155  6001.21948  0.179  0.173 4.258  0.038 2.263  1.1786630 0.0000057  6000.65311  0.233  0.231 4.850  0.105 2.678
OGLE-SMC-CEP-1407  16.135 16.827   2.2436188 0.0000591  6001.44725  0.129  0.156 4.261  0.094 2.020  1.6361883 0.0000252  6000.22110  0.219  0.210 4.933  0.040 3.662
OGLE-SMC-CEP-1497  15.156 15.878   4.9758084 0.0004190  6003.80570  0.005  0.000   -    0.000   -    3.5881984 0.0000179  6000.36948  0.200  0.128 3.941  0.081 0.704
OGLE-SMC-CEP-1537  16.513 17.234   2.2313267 0.0000198  6000.42373  0.178  0.198 4.523  0.043 2.471  1.6314791 0.0000076  6001.38571  0.225  0.219 5.149  0.078 3.613
OGLE-SMC-CEP-1570  16.176 16.848   2.3712391 0.0000403  6001.05032  0.059  0.071 5.313  0.000   -    1.7329846 0.0000063  6000.59351  0.202  0.134 5.259  0.045 4.424
OGLE-SMC-CEP-1675  17.752 18.334   0.8851103 0.0000159  6000.49630  0.069  0.000   -    0.000   -    0.6633192 0.0000015  6000.50916  0.278  0.237 3.904  0.116 1.652
OGLE-SMC-CEP-1716  17.574 18.209   0.8738716 0.0000035  6000.44547  0.182  0.191 2.270  0.096 0.341  0.6484941 0.0000121  6000.11602  0.026  0.000   -    0.000   -  
OGLE-SMC-CEP-1762  17.384 18.097   1.2768317 0.0000202  6000.82398  0.070  0.000   -    0.000   -    0.9453387 0.0000026  6000.03336  0.241  0.235 4.666  0.082 2.887
OGLE-SMC-CEP-1781  16.785 17.513   1.6623982 0.0000707  6001.49627  0.097  0.109   -    0.000   -    1.2211270 0.0000165  6000.23527  0.263  0.168 4.962  0.060 3.640
OGLE-SMC-CEP-1838  16.516 17.205   2.0207510 0.0000196  6000.66590  0.201  0.224 4.392  0.066 2.494  1.4753740 0.0000096  6000.41107  0.229  0.223 4.804  0.073 3.344
OGLE-SMC-CEP-2016  16.366 17.021   2.1806640 0.0000203  6001.85633  0.155  0.141 4.521  0.000   -    1.5873668 0.0000073  6000.06600  0.213  0.190 5.006  0.066 3.776
OGLE-SMC-CEP-2078  16.311 16.907   1.9133867 0.0000176  6000.66312  0.212  0.186 4.369  0.026 2.114  1.4054156 0.0000082  6000.79580  0.244  0.218 4.910  0.076 3.294
OGLE-SMC-CEP-2257  17.709 18.323   0.8560373 0.0000046  6000.40889  0.013  0.000   -    0.000   -    0.6370072 0.0000012  6000.50097  0.265  0.213 3.490  0.184 1.151
OGLE-SMC-CEP-2309  16.203 16.739   1.8333986 0.0000170  6001.46927  0.157  0.128 4.184  0.021 3.005  1.3430757 0.0000055  6001.14695  0.268  0.202 4.823  0.064 3.562
OGLE-SMC-CEP-2354  16.598 17.367   1.9114387 0.0000174  6001.36028  0.228  0.227 4.360  0.054 2.511  1.4027784 0.0000083  6001.39097  0.250  0.204 4.954  0.051 3.540
OGLE-SMC-CEP-2514  17.173 17.799   1.1210915 0.0000604  6001.02368  0.011  0.000   -    0.000   -    0.8240222 0.0000020  6000.61720  0.172  0.222 3.644  0.099 1.530
OGLE-SMC-CEP-2515  16.520 17.195   2.0546671 0.0000256  6000.15048  0.133  0.115 4.399  0.000   -    1.5025391 0.0000067  6000.37283  0.249  0.195 4.934  0.052 3.590
OGLE-SMC-CEP-2526  17.073    -     1.3162961 0.0000774  6000.60551  0.099  0.142   -    0.000   -    0.9680346 0.0000120  6000.24836  0.279  0.258 4.573  0.084 2.294
OGLE-SMC-CEP-2530  16.627 17.254   1.7539184 0.0000465  6000.97677  0.042  0.000   -    0.118 5.568  1.2843198 0.0000032  6000.73010  0.281  0.199 4.526  0.075 2.803
OGLE-SMC-CEP-2615  16.108 16.668   1.9550984 0.0000192  6001.33772  0.159  0.159 4.371  0.038 3.808  1.4318155 0.0000062  6000.09666  0.259  0.187 4.910  0.029 3.662
OGLE-SMC-CEP-2671  17.812 18.537   0.8632987 0.0000097  6000.64152  0.067  0.000   -    0.000   -    0.6437031 0.0000023  6000.55935  0.144  0.146 3.414  0.111 1.205
OGLE-SMC-CEP-2676  16.306 16.981   1.8298273 0.0000166  6001.05069  0.229  0.175 4.197  0.000   -    1.3414203 0.0000070  6000.02910  0.265  0.209 4.878  0.054 3.440
OGLE-SMC-CEP-2782  16.409 17.345   1.8776264 0.0000349  6000.91733  0.076  0.127 4.308  0.000   -    1.3727390 0.0000069  6000.05377  0.232  0.201 4.707  0.082 3.346
OGLE-SMC-CEP-2808  16.212 16.832   2.1689156 0.0000232  6001.11469  0.163  0.172 4.476  0.000   -    1.5832348 0.0000083  6001.35428  0.227  0.170 5.031  0.045 3.036
OGLE-SMC-CEP-2829  16.290 16.938   2.1211285 0.0000203  6001.24905  0.190  0.216 4.264  0.047 1.735  1.5496880 0.0000092  6001.37307  0.222  0.213 5.015  0.079 3.586
OGLE-SMC-CEP-3019  16.192 17.062   2.1536590 0.0000462  6000.66466  0.102  0.088 4.443  0.000   -    1.5695064 0.0000087  6001.33226  0.245  0.158 4.792  0.077 3.513
OGLE-SMC-CEP-3078  16.235 16.911   2.2210444 0.0000426  6001.14008  0.096  0.099 4.430  0.000   -    1.6171483 0.0000086  6000.61837  0.230  0.163 4.947  0.056 4.036
OGLE-SMC-CEP-3269  16.275 16.934   2.3323934 0.0001118  6001.72229  0.019  0.000   -    0.000   -    1.7045968 0.0000053  6001.04315  0.204  0.167 4.931  0.043 3.867
OGLE-SMC-CEP-3291  16.897 17.509   1.2163586 0.0000112  6000.37249  0.122  0.120 3.883  0.000   -    0.8975251 0.0000042  6000.08824  0.196  0.162 3.762  0.074 0.852
OGLE-SMC-CEP-3328  16.453 17.038   1.6492797 0.0000154  6000.44178  0.225  0.246 4.333  0.080 2.955  1.2121008 0.0000073  6000.27146  0.253  0.247 4.698  0.106 2.811
OGLE-SMC-CEP-3409  17.000 17.676   1.3301651 0.0000209  6000.38282  0.045  0.000   -    0.000   -    0.9732562 0.0000026  6000.14452  0.174  0.207 4.191  0.054 1.885
OGLE-SMC-CEP-3828  16.272 16.908   2.2856951 0.0000234  6001.78284  0.156  0.164 4.545  0.048 3.194  1.6705924 0.0000085  6000.41624  0.218  0.198 5.154  0.069 3.721
OGLE-SMC-CEP-4043  15.990    -     2.2388953 0.0001071  6001.25309  0.290  0.289 5.501  0.168 1.606  1.6273429 0.0000017  6000.64047  0.310  0.110 4.445  0.029 5.421
OGLE-SMC-CEP-4120  16.460 17.131   1.7374580 0.0000177  6001.41426  0.226  0.211 4.225  0.044 2.343  1.2781393 0.0000099  6001.22604  0.240  0.253 4.884  0.106 3.092
OGLE-SMC-CEP-4161  16.442 17.038   1.8907490 0.0000183  6001.44412  0.176  0.185 4.285  0.043 2.564  1.3860214 0.0000069  6000.48100  0.247  0.194 4.950  0.078 3.322
OGLE-SMC-CEP-4345  16.459 17.072   1.7934996 0.0000179  6000.30599  0.199  0.221 4.280  0.070 2.705  1.3171787 0.0000080  6001.15924  0.239  0.226 4.838  0.079 3.009
OGLE-SMC-CEP-4645  16.838 17.391   1.6923788 0.0000260  6000.38459  0.172  0.141 4.323  0.038 2.364  1.2338543 0.0000077  6000.14715  0.247  0.239 4.727  0.085 2.903
OGLE-SMC-CEP-4662  17.301 17.863   1.0758348 0.0000117  6000.66999  0.104  0.093 3.946  0.074 3.859  0.7955255 0.0000027  6000.09660  0.257  0.219 3.980  0.067 1.577
OGLE-SMC-CEP-4690  17.707 18.289   0.8330428 0.0000109  6000.78031  0.059  0.243 6.280  0.125 3.202  0.6240584 0.0000018  6000.36360  0.221  0.185 3.650  0.141 1.142
OGLE-SMC-CEP-4782  17.221 17.764   0.8981413 0.0000101  6000.26681  0.096  0.082 5.566  0.000   -    0.6707581 0.0000019  6000.65760  0.228  0.195 3.811  0.131 1.338
OGLE-SMC-CEP-4794  17.282 17.904   0.8651388 0.0000082  6000.69879  0.129  0.080 2.375  0.000   -    0.6452470 0.0000023  6000.17717  0.243  0.176 3.853  0.131 1.383
OGLE-SMC-CEP-4798  16.745 17.296   1.4351220 0.0000177  6000.81647  0.059  0.108 4.682  0.000   -    1.0534317 0.0000024  6000.08117  0.212  0.207 4.535  0.059 2.758
OGLE-SMC-CEP-4853  16.540 17.033   1.6120178 0.0000257  6000.52984  0.072  0.000   -    0.000   -    1.1813249 0.0000036  6000.58967  0.238  0.216 4.627  0.076 3.225
OGLE-SMC-CEP-4931  16.949 17.589   0.9856477 0.0000113  6000.13490  0.101  0.054 3.730  0.000   -    0.7340801 0.0000023  6000.71265  0.247  0.233 3.947  0.079 1.678
OGLE-SMC-CEP-4970  17.868 18.495   0.9288212 0.0000115  6000.46197  0.063  0.000   -    0.000   -    0.6934501 0.0000017  6000.28862  0.222  0.208 3.665  0.122 1.277
