OGLE-LMC-T2CEP-001  17.755 18.440   1.8139278 0.0000043  7000.65269  0.353  0.066 4.638  0.187 2.187
OGLE-LMC-T2CEP-002  15.727 16.732  18.3261550 0.0003627  7014.11206  0.937  0.135 6.033  0.045 4.027
OGLE-LMC-T2CEP-003  14.152 14.922  35.9207531 0.0070192  7028.56239  0.445  0.187 6.003  0.076 5.506
OGLE-LMC-T2CEP-004  17.573    -     1.9160513 0.0000043  7000.48890  0.811  0.480 4.710  0.278 2.223
OGLE-LMC-T2CEP-005  14.765    -    33.0870553 0.0025617  7009.26901  0.907  0.129 6.281  0.014 0.018
OGLE-LMC-T2CEP-006  18.012 18.504   1.0879277 0.0000015  7000.85463  0.482  0.234 4.644  0.089 2.784
OGLE-LMC-T2CEP-007  18.017 18.597   1.2426900 0.0000024  7000.62179  0.501  0.247 4.464  0.070 4.412
OGLE-LMC-T2CEP-008  17.800 18.569   1.7461197 0.0000033  7000.19681  0.517  0.206 5.255  0.175 2.628
OGLE-LMC-T2CEP-009  17.762 18.379   1.7613471 0.0000027  7001.31977  0.730  0.444 4.582  0.245 1.898
OGLE-LMC-T2CEP-010  17.971 18.671   1.5029525 0.0000022  7000.13200  0.621  0.308 4.396  0.070 0.409
OGLE-LMC-T2CEP-011  14.072 14.820  39.3133221 0.0097987  7020.55615  0.195  0.195 5.955  0.002   -  
OGLE-LMC-T2CEP-012  16.214 17.187  11.5779374 0.0007239  7011.02729  0.239  0.097 1.666  0.071 1.857
OGLE-LMC-T2CEP-013  16.163 17.134  11.5313986 0.0004149  7002.16756  0.271  0.117 1.830  0.088 2.549
OGLE-LMC-T2CEP-014  14.301 15.143  57.4712644 0.0539338  7007.47241  0.086  0.181 2.351  0.099 4.616
OGLE-LMC-T2CEP-015  14.022 15.164  56.4844103 0.0260914  7011.90578  0.406  0.165 5.516  0.085 6.104
OGLE-LMC-T2CEP-016  15.454 15.883  20.3047417 0.0017605  7008.38099  0.166  0.558 5.292  0.097 5.701
OGLE-LMC-T2CEP-017  15.995    -    14.4564533 0.0019269  7014.26678  0.856  0.098 0.078  0.112 3.021
OGLE-LMC-T2CEP-018  17.959 18.634   1.3796240 0.0000019  7000.81281  0.615  0.321 4.349  0.032 5.558
OGLE-LMC-T2CEP-019  15.989 16.850   8.6732691 0.0000767  7002.91023  0.633  0.285 5.477  0.083 4.405
OGLE-LMC-T2CEP-020  17.814    -     1.1081258 0.0000254  7000.87096  0.561  0.362 4.752  0.112 2.724
OGLE-LMC-T2CEP-021  15.939 16.638   9.7793734 0.0002324  7005.15608  0.290  0.186 4.640  0.057 3.779
OGLE-LMC-T2CEP-022  16.267 17.196  10.7069912 0.0001766  7000.06831  0.366  0.142 1.402  0.076 2.462
OGLE-LMC-T2CEP-023  15.515 16.106   5.2351446 0.0000291  7000.83296  0.563  0.320 5.211  0.163 3.625
OGLE-LMC-T2CEP-024  18.131 18.753   1.2466801 0.0000019  7001.03539  0.545  0.243 4.566  0.084 4.783
OGLE-LMC-T2CEP-025  14.027    -    66.4696948 0.1108973  7043.23721  0.569  0.294 0.148  0.087 5.686
OGLE-LMC-T2CEP-026  16.107 17.088  13.5936111 0.0016224  7010.21750  0.258  0.075 3.149  0.014 0.245
OGLE-LMC-T2CEP-027  15.708    -    17.1178154 0.0043956  7004.15039  0.839  0.055 0.190  0.058 3.318
OGLE-LMC-T2CEP-028  15.538 16.013   8.7788297 0.0001457  7000.16030  0.217  0.140 4.832  0.065 4.714
OGLE-LMC-T2CEP-029  14.650 15.470  31.9422076 0.0052350  7026.68101  0.579  0.233 6.150  0.078 4.966
OGLE-LMC-T2CEP-030  16.906 17.746   3.9355290 0.0000240  7003.03457  0.411  0.269 5.662  0.115 4.985
OGLE-LMC-T2CEP-031  16.669 17.562   6.7079334 0.0001138  7004.37230  0.129  0.140 0.158  0.027 0.813
OGLE-LMC-T2CEP-032  13.905 15.216  44.4049142 0.0177067  7003.02531  0.320  0.106 5.555  0.083 5.656
OGLE-LMC-T2CEP-033  15.774 16.464   9.3900082 0.0002222  7005.77016  0.210  0.070 4.428  0.049 3.673
OGLE-LMC-T2CEP-034  16.244 17.340  14.9240389 0.0003764  7004.89076  0.784  0.098 1.098  0.090 2.458
OGLE-LMC-T2CEP-035  16.252 17.156   9.8684379 0.0002347  7008.23432  0.218  0.147 1.371  0.059 1.927
OGLE-LMC-T2CEP-036  15.844 16.746  14.8937406 0.0002041  7013.89541  0.706  0.065 1.488  0.070 2.735
OGLE-LMC-T2CEP-037  16.670 17.523   6.8858388 0.0002722  7005.04670  0.092  0.099 0.180  0.000   -  
OGLE-LMC-T2CEP-038  16.202 16.505   4.0129715 0.0000113  7001.38419  0.474  0.497 5.402  0.265 4.442
OGLE-LMC-T2CEP-039  16.313 17.188   8.7224871 0.0001461  7005.47973  0.158  0.151 0.993  0.042 1.543
OGLE-LMC-T2CEP-040  15.822 16.548   9.6184052 0.0002701  7007.55314  0.271  0.081 4.724  0.027 3.787
OGLE-LMC-T2CEP-041  16.959 17.338   2.4760479 0.0000090  7000.86362  0.248  0.263 5.185  0.077 3.953
OGLE-LMC-T2CEP-042  16.353 16.821   4.9422112 0.0000486  7001.43873  0.209  0.253 4.581  0.072 3.010
OGLE-LMC-T2CEP-043  16.882    -     6.5565172 0.0021950  7002.53036  0.086  0.000   -    0.000   -  
OGLE-LMC-T2CEP-044  16.092 17.066  13.0920280 0.0019848  7009.25004  0.171  0.110 1.365  0.024 4.930
OGLE-LMC-T2CEP-045  13.716 14.623  56.1572493 0.1496085  7026.09684  0.052  0.068 2.321  0.073 3.687
OGLE-LMC-T2CEP-046  15.589 16.358  14.7050130 0.0002941  7006.10096  0.578  0.327 5.897  0.154 4.447
OGLE-LMC-T2CEP-047  16.616 17.536   7.2862123 0.0001009  7004.21542  0.116  0.133 0.450  0.000   -  
OGLE-LMC-T2CEP-048  17.830 18.395   1.4454894 0.0000015  7001.34782  0.683  0.377 4.289  0.178 0.776
OGLE-LMC-T2CEP-049  17.142    -     3.2354241 0.0001539  7000.58102  0.381  0.227 5.181  0.075 4.413
OGLE-LMC-T2CEP-050  14.984 15.676  34.7276364 0.0073325  7004.46389  0.203  0.293 5.787  0.073 5.409
OGLE-LMC-T2CEP-051  14.562 15.362  54.4966553 0.0332627  7014.06395  0.176  0.005   -    0.130 5.102
OGLE-LMC-T2CEP-052  16.422 16.862   4.6806093 0.0001628  7000.82065  0.174  0.115 5.151  0.061 1.416
OGLE-LMC-T2CEP-053  18.028 18.668   1.0429993 0.0000007  7000.41746  0.729  0.472 4.892  0.217 3.310
OGLE-LMC-T2CEP-054  16.350 17.297   9.9234052 0.0001566  7006.25125  0.233  0.146 1.302  0.056 1.751
OGLE-LMC-T2CEP-055  14.273 15.041  40.8646636 0.0076149  7000.33713  0.418  0.234 5.523  0.062 4.979
OGLE-LMC-T2CEP-056  16.718 17.662   7.2828263 0.0001703  7003.37093  0.133  0.166 0.289  0.039 0.536
OGLE-LMC-T2CEP-057  15.759 16.692  16.6223929 0.0001879  7014.09479  0.867  0.056 0.064  0.061 3.169
OGLE-LMC-T2CEP-058  15.533 16.567  21.4970503 0.0008642  7002.64672  0.883  0.187 6.126  0.038 4.965
OGLE-LMC-T2CEP-059  15.660 16.559  16.7374101 0.0001429  7005.85977  0.866  0.077 6.222  0.054 3.350
OGLE-LMC-T2CEP-060  18.116 18.729   1.2366047 0.0000015  7000.55925  0.591  0.271 4.521  0.073 4.250
OGLE-LMC-T2CEP-061  18.037 18.571   1.1815125 0.0000020  7000.41723  0.393  0.202 4.519  0.078 3.352
OGLE-LMC-T2CEP-062  17.366 18.499   6.0489818 0.0001614  7002.43780  0.102  0.118 5.657  0.000   -  
OGLE-LMC-T2CEP-063  16.672 17.564   6.9228567 0.0001428  7005.52755  0.128  0.147 0.087  0.034 0.622
OGLE-LMC-T2CEP-064  17.510 18.182   2.1278700 0.0000025  7001.60610  0.597  0.247 5.215  0.123 3.552
OGLE-LMC-T2CEP-065  14.697 15.594  35.6308078 0.0108293  7023.03425  0.129  0.110 1.469  0.082 5.376
OGLE-LMC-T2CEP-066  16.099 17.061  13.0618438 0.0005136  7000.73212  0.433  0.137 1.989  0.054 2.416
OGLE-LMC-T2CEP-067  13.855 14.603  48.5802424 0.0187093  7019.18920  0.305  0.140 4.189  0.051 1.055
OGLE-LMC-T2CEP-068  17.692 18.263   1.6093051 0.0000028  7001.55285  0.422  0.230 4.945  0.111 1.276
OGLE-LMC-T2CEP-069  18.584 18.944   1.0215831 0.0000025  7000.10009  0.421  0.307 5.536  0.105 4.683
OGLE-LMC-T2CEP-070  15.652 16.574  15.4373946 0.0001478  7003.16142  0.874  0.207 6.189  0.084 3.804
OGLE-LMC-T2CEP-071  17.899 18.366   1.1521741 0.0000012  7000.60350  0.611  0.325 4.619  0.100 2.630
OGLE-LMC-T2CEP-072  15.873 16.852  14.5731552 0.0006966  7012.16013  0.437  0.065 2.401  0.049 3.175
OGLE-LMC-T2CEP-073  17.159 17.947   3.0879107 0.0000043  7001.01876  0.614  0.283 5.421  0.136 4.498
OGLE-LMC-T2CEP-074  16.076 16.919   8.9744380 0.0005058  7003.99829  0.174  0.127 1.316  0.098 5.429
OGLE-LMC-T2CEP-075  14.550 15.621  49.6083421 0.0184493  7022.84712  0.735  0.196 5.773  0.015 5.283
OGLE-LMC-T2CEP-076  17.823 18.587   2.1041275 0.0000026  7000.48879  0.684  0.304 5.159  0.177 3.245
OGLE-LMC-T2CEP-077  17.758    -     1.2138023 0.0000020  7000.50634  0.211  0.173 4.653  0.000   -  
OGLE-LMC-T2CEP-078  16.281 17.270   6.7194746 0.0001007  7004.51051  0.182  0.250 5.069  0.026 4.098
OGLE-LMC-T2CEP-079  16.315 17.420  14.8539677 0.0002471  7008.70012  0.829  0.107 1.169  0.100 2.489
OGLE-LMC-T2CEP-080  14.331 15.161  40.9191086 0.0086071  7019.54747  0.703  0.173 5.971  0.044 0.104
OGLE-LMC-T2CEP-081  16.283 17.199   9.4709257 0.0002243  7008.68493  0.204  0.120 1.285  0.046 1.391
OGLE-LMC-T2CEP-082  15.004 16.125  35.5283834 0.0066269  7013.98220  0.582  0.044 5.749  0.047 1.471
OGLE-LMC-T2CEP-083  16.518 17.302   5.9699568 0.0000392  7001.89952  0.532  0.154 5.415  0.029 3.752
OGLE-LMC-T2CEP-084  17.493 17.823   1.7703052 0.0000037  7000.59946  0.390  0.347 5.246  0.143 3.960
OGLE-LMC-T2CEP-085  17.148 17.921   3.4051533 0.0000077  7002.74054  0.558  0.290 5.601  0.149 4.824
OGLE-LMC-T2CEP-086  15.648 16.482  15.8447242 0.0001280  7013.50921  0.900  0.126 0.091  0.061 3.624
OGLE-LMC-T2CEP-087  16.900 17.779   5.1854383 0.0000282  7003.32931  0.316  0.225 5.855  0.070 5.644
OGLE-LMC-T2CEP-088  17.200    -     1.9508524 0.0001366  7001.43132  0.069  0.000   -    0.140 3.237
OGLE-LMC-T2CEP-089  18.024 18.482   1.1673093 0.0000017  7000.72559  0.477  0.220 4.600  0.091 3.394
OGLE-LMC-T2CEP-090  17.880 18.500   1.4789510 0.0000030  7001.27993  0.392  0.178 5.274  0.139 0.657
OGLE-LMC-T2CEP-091  14.223 14.910  35.7131123 0.0058415  7035.20670  0.525  0.167 5.930  0.059 4.779
OGLE-LMC-T2CEP-092  17.394 18.136   2.6168158 0.0000032  7000.28871  0.529  0.219 5.478  0.113 4.186
OGLE-LMC-T2CEP-093  15.110 15.811  17.6067249 0.0009982  7014.44579  0.520  0.267 5.725  0.083 4.615
OGLE-LMC-T2CEP-094  16.583 17.532   8.4716270 0.0003739  7006.41040  0.159  0.167 0.861  0.083 1.173
OGLE-LMC-T2CEP-095  16.997 17.906   5.0011122 0.0002362  7002.09021  0.054  0.001   -    0.003   -  
OGLE-LMC-T2CEP-096  15.914 16.804  13.9228025 0.0001163  7001.95086  0.886  0.241 0.102  0.070 3.124
OGLE-LMC-T2CEP-097  16.179 17.096  10.5057069 0.0002285  7002.91019  0.246  0.132 1.513  0.048 1.819
OGLE-LMC-T2CEP-098  14.426 14.681   4.9737525 0.0000144  7001.96165  0.106  0.183 4.982  0.113 2.912
OGLE-LMC-T2CEP-099  15.896 16.936  15.4823902 0.0004171  7007.06864  0.618  0.090 1.816  0.080 2.496
OGLE-LMC-T2CEP-100  16.658 17.414   7.4016917 0.0006985  7001.73126  0.195  0.135 5.723  0.105 5.823
OGLE-LMC-T2CEP-101  16.054 16.834  11.4163957 0.0002476  7009.16417  0.601  0.448 4.886  0.091 3.211
OGLE-LMC-T2CEP-102  17.727 18.266   1.2660302 0.0000011  7000.43717  0.629  0.284 4.577  0.116 2.831
OGLE-LMC-T2CEP-103  16.039 16.995  12.9082775 0.0003099  7007.45108  0.435  0.122 1.621  0.078 2.433
OGLE-LMC-T2CEP-104  14.978 15.975  24.8780107 0.0012812  7019.41778  0.619  0.390 5.710  0.194 4.373
OGLE-LMC-T2CEP-105  17.619 18.193   1.4893113 0.0000013  7000.96134  0.633  0.397 4.199  0.124 0.759
OGLE-LMC-T2CEP-106  16.621 17.477   6.7078839 0.0001188  7002.33837  0.134  0.130 0.137  0.000   -  
OGLE-LMC-T2CEP-107  17.700 18.485   1.2091632 0.0000021  7000.71500  0.307  0.258 4.434  0.073 4.057
OGLE-LMC-T2CEP-108  14.715 15.415  30.1160008 0.0086525  7029.23059  0.053  0.111 4.120  0.068 4.673
OGLE-LMC-T2CEP-109  19.610 21.067   1.4145822 0.0000121  7001.30034  0.368  0.190 5.276  0.084   -  
OGLE-LMC-T2CEP-110  16.765 17.692   7.0790742 0.0001143  7002.08259  0.146  0.139 0.140  0.045 0.421
OGLE-LMC-T2CEP-111  16.576 17.461   7.4993849 0.0001569  7007.20098  0.143  0.145 0.300  0.005   -  
OGLE-LMC-T2CEP-112  14.072 14.765  39.4884196 0.0144706  7035.63553  0.202  0.135 5.755  0.016 1.121
OGLE-LMC-T2CEP-113  17.057 18.559   3.0734825 0.0000560  7002.71736  0.111  0.120 3.821  0.095 3.242
OGLE-LMC-T2CEP-115  15.605 16.646  24.9636031 0.0015704  7018.34400  0.820  0.144 6.094  0.045 5.893
OGLE-LMC-T2CEP-116  17.802 18.627   1.9666643 0.0000050  7000.44956  0.412  0.138 5.564  0.094 2.788
OGLE-LMC-T2CEP-117  16.653 17.552   6.6323412 0.0001764  7000.24022  0.081  0.071 6.231  0.005   -  
OGLE-LMC-T2CEP-118  16.091 17.047  12.7040686 0.0001194  7002.65299  0.792  0.142 0.420  0.097 2.883
OGLE-LMC-T2CEP-119  14.414 15.325  34.5948938 0.0060199  7016.07901  0.603  0.186 6.018  0.075 5.549
OGLE-LMC-T2CEP-120  17.028 17.882   4.5592679 0.0000223  7002.73661  0.376  0.253 5.686  0.098 5.207
OGLE-LMC-T2CEP-121  17.710 18.438   2.0614148 0.0000030  7000.24980  0.438  0.160 5.475  0.088 3.223
OGLE-LMC-T2CEP-122  18.245 19.027   1.5385167 0.0000034  7000.19570  0.406  0.158 5.219  0.184 1.725
OGLE-LMC-T2CEP-123  18.190 18.674   1.0026320 0.0000026  7000.98860  0.606  0.319 4.725  0.136 2.808
OGLE-LMC-T2CEP-124  17.868 18.590   1.7348849 0.0000030  7001.00729  0.443  0.191 5.162  0.191 2.086
OGLE-LMC-T2CEP-125  14.953 15.944  33.0889165 0.0035912  7017.74823  0.707  0.212 5.998  0.125 5.491
OGLE-LMC-T2CEP-126  16.209 17.397  16.3272237 0.0002613  7001.27418  0.836  0.049 0.677  0.069 2.825
OGLE-LMC-T2CEP-127  16.116 17.023  12.7426893 0.0003085  7003.14604  0.397  0.127 1.917  0.074 2.645
OGLE-LMC-T2CEP-128  15.559    -    18.4873912 0.0144112  7010.30323  0.828  0.029 4.766  0.045 2.795
OGLE-LMC-T2CEP-129  14.113 14.826  40.4587537 0.0208870  7006.70482  0.127  0.217 5.743  0.070 2.962
OGLE-LMC-T2CEP-130  17.555 18.070   1.9446423 0.0000035  7000.14241  0.731  0.393 4.944  0.250 2.743
OGLE-LMC-T2CEP-131  18.204 18.930   1.4134904 0.0000034  7000.94038  0.456  0.211 4.763  0.082 6.179
OGLE-LMC-T2CEP-132  15.818 16.579  10.0073193 0.0002484  7008.80384  0.125  0.073 4.451  0.005   -  
OGLE-LMC-T2CEP-133  16.661 17.521   6.2837082 0.0001354  7005.66313  0.093  0.096 0.064  0.000   -  
OGLE-LMC-T2CEP-134  16.274 16.833   4.0751386 0.0000211  7000.10885  0.587  0.339 5.136  0.176 4.215
OGLE-LMC-T2CEP-135  15.232 16.063  26.4805753 0.0011149  7026.30819  0.949  0.041 0.146  0.048 2.390
OGLE-LMC-T2CEP-136  17.780 18.127   1.3230875 0.0000017  7000.86433  0.532  0.230 4.389  0.101 4.969
OGLE-LMC-T2CEP-137  16.739 17.635   6.3625714 0.0001498  7000.51333  0.128  0.107 6.237  0.000   -  
OGLE-LMC-T2CEP-138  18.088 18.816   1.3936059 0.0000025  7000.52363  0.477  0.219 4.776  0.075 5.872
OGLE-LMC-T2CEP-139  15.970 16.987  14.7972970 0.0007729  7007.27095  0.504  0.091 1.857  0.049 2.517
OGLE-LMC-T2CEP-140  17.730 18.489   1.8411806 0.0000040  7001.53958  0.300  0.090 4.026  0.207 2.262
OGLE-LMC-T2CEP-141  17.961 18.738   1.8229548 0.0000028  7000.96476  0.449  0.162 5.395  0.130 2.693
OGLE-LMC-T2CEP-142  17.658 18.669   1.7607551 0.0000051  7000.29626  0.277  0.067 4.662  0.204 2.218
OGLE-LMC-T2CEP-143  15.796 16.695  14.5667400 0.0002101  7000.10459  0.938  0.155 0.346  0.062 2.581
OGLE-LMC-T2CEP-144  17.743    -     1.9374691 0.0000035  7000.49826  0.489  0.170 5.555  0.102 3.016
OGLE-LMC-T2CEP-145  16.729 17.202   3.3367585 0.0000181  7002.70681  0.173  0.264 4.957  0.054 3.249
OGLE-LMC-T2CEP-146  16.405 17.382  10.0851560 0.0001607  7003.61291  0.243  0.149 1.368  0.056 1.689
OGLE-LMC-T2CEP-147  13.688 14.353  46.6678676 0.0139836  7029.68870  0.251  0.030 3.354  0.061 1.080
OGLE-LMC-T2CEP-148  17.485 18.209   2.6717655 0.0000037  7002.25251  0.562  0.236 5.501  0.126 4.297
OGLE-LMC-T2CEP-149  14.199 14.872  42.7440117 0.0150549  7026.56797  0.097  0.306 5.420  0.099 2.270
OGLE-LMC-T2CEP-151  16.521 17.424   7.8886613 0.0001313  7003.01047  0.154  0.154 0.507  0.032 1.161
OGLE-LMC-T2CEP-152  16.377 17.340   9.3097552 0.0002193  7009.29356  0.445  0.136 6.016  0.057 0.512
OGLE-LMC-T2CEP-153  16.575 16.642   1.1751696 0.0000141  7000.01243  0.120  0.289 4.984  0.144 3.366
OGLE-LMC-T2CEP-154  15.281 15.780   7.5750334 0.0001349  7000.22051  0.141  0.170 5.648  0.040 4.798
OGLE-LMC-T2CEP-155  16.891 17.646   6.8944173 0.0001778  7006.19112  0.143  0.120 0.188  0.001   -  
OGLE-LMC-T2CEP-156  15.956 16.968  15.3719678 0.0001701  7012.40118  0.867  0.086 0.776  0.084 2.886
OGLE-LMC-T2CEP-157  16.031 17.050  14.3363790 0.0003946  7013.02818  0.749  0.127 1.172  0.112 2.181
OGLE-LMC-T2CEP-158  16.688 17.585   7.1385220 0.0001126  7001.47789  0.133  0.132 0.066  0.000   -  
OGLE-LMC-T2CEP-159  16.824 17.758   6.6309647 0.0002454  7006.27654  0.050  0.093 5.927  0.000   -  
OGLE-LMC-T2CEP-160  17.768    -     1.7567916 0.0000086  7000.26044  0.557  0.308 4.851  0.215 2.318
OGLE-LMC-T2CEP-161  15.989 17.061   8.5372564 0.0001793  7002.27876  0.091  0.138 0.715  0.000   -  
OGLE-LMC-T2CEP-162  15.145 16.255  30.4278953 0.0024918  7021.08623  0.812  0.188 5.922  0.059 5.632
OGLE-LMC-T2CEP-163  17.701 18.362   1.6936982 0.0000023  7000.59681  0.382  0.145 5.258  0.183 2.306
OGLE-LMC-T2CEP-165  18.790 19.717   1.2406850 0.0000027  7000.63977  0.612  0.281 4.347  0.114 4.167
OGLE-LMC-T2CEP-166  16.917 17.709   2.1105563 0.0000033  7000.32068  0.276  0.144 5.287  0.118 2.895
OGLE-LMC-T2CEP-167  17.759 18.618   2.3118702 0.0000043  7000.30919  0.534  0.207 5.380  0.089 3.892
OGLE-LMC-T2CEP-168  15.793 16.746  15.6928643 0.0002635  7008.65964  0.763  0.068 1.661  0.084 2.578
OGLE-LMC-T2CEP-169  14.728 15.646  31.0817796 0.0028016  7011.47819  0.749  0.207 6.066  0.104 5.517
OGLE-LMC-T2CEP-170  16.671 17.703   7.6734581 0.0001684  7004.08090  0.149  0.133 0.381  0.000   -  
OGLE-LMC-T2CEP-171  17.826 18.524   1.5549225 0.0000039  7000.52222  0.278  0.056 2.397  0.192 1.606
OGLE-LMC-T2CEP-172  16.383 17.486  11.2345552 0.0001792  7008.17662  0.291  0.125 1.665  0.061 2.226
OGLE-LMC-T2CEP-173  18.475 20.187   4.1469897 0.0000232  7000.11462  0.526  0.389 5.497  0.175 4.384
OGLE-LMC-T2CEP-174  13.703 14.467  47.0358922 0.0207078  7027.69756  0.216  0.117 1.070  0.067 0.690
OGLE-LMC-T2CEP-175  16.366    -     9.3337390 0.0003964  7008.17944  0.134  0.151 0.988  0.003   -  
OGLE-LMC-T2CEP-176  16.441 17.331   7.9902647 0.0001405  7005.16467  0.156  0.157 0.492  0.044 1.115
OGLE-LMC-T2CEP-177  16.144 17.291  15.0343701 0.0001989  7006.44178  0.803  0.105 1.191  0.104 2.514
OGLE-LMC-T2CEP-178  16.321 17.386  12.1852578 0.0005420  7005.54685  0.264  0.111 2.201  0.073 2.736
OGLE-LMC-T2CEP-179  16.743 17.816   8.0515583 0.0001621  7000.83060  0.145  0.140 0.524  0.002   -  
OGLE-LMC-T2CEP-180  14.482 15.278  30.8160712 0.0025070  7026.39150  0.452  0.298 5.901  0.141 4.678
OGLE-LMC-T2CEP-181  16.200 16.983   7.1968153 0.0002321  7000.99856  0.133  0.060 3.959  0.032 4.105
OGLE-LMC-T2CEP-182  16.317 17.220   8.2358185 0.0004253  7004.40485  0.447  0.187 5.705  0.054 5.232
OGLE-LMC-T2CEP-183  17.311 18.596   6.5082862 0.0001627  7006.06149  0.123  0.103 6.109  0.000   -  
OGLE-LMC-T2CEP-184  16.394 17.698  14.8243837 0.0014241  7012.75105  0.618  0.033 1.215  0.049 2.467
OGLE-LMC-T2CEP-185  14.532 15.703  12.6956575 0.0002047  7002.09605  0.141  0.163 2.570  0.170 1.928
OGLE-LMC-T2CEP-186  15.872 16.952  16.3767384 0.0004023  7008.30677  0.781  0.045 1.011  0.069 2.774
OGLE-LMC-T2CEP-187  17.728 18.582   2.4045326 0.0000030  7002.19488  0.733  0.359 5.059  0.212 3.415
OGLE-LMC-T2CEP-188  18.003 19.065   1.0493152 0.0000072  7000.18262  0.583  0.349 4.629  0.122 2.567
OGLE-LMC-T2CEP-189  18.065 18.664   1.3076796 0.0000024  7000.42124  0.599  0.266 4.436  0.044 4.531
OGLE-LMC-T2CEP-190  14.295 15.250  37.9292309 0.0107753  7021.31016  0.316  0.268 5.643  0.052 4.662
OGLE-LMC-T2CEP-191  14.165 14.985  34.5653937 0.0062606  7030.63704  0.524  0.255 5.858  0.125 4.995
OGLE-LMC-T2CEP-192  15.248 16.155  26.1783394 0.0020904  7024.90293  0.858  0.143 6.080  0.054 6.129
OGLE-LMC-T2CEP-193  16.591 17.535   7.0017690 0.0001005  7001.09830  0.165  0.162 0.146  0.030   -  
OGLE-LMC-T2CEP-194  17.906 18.481   1.3144986 0.0000015  7001.16189  0.643  0.285 4.333  0.069 4.589
OGLE-LMC-T2CEP-195  17.334 18.133   2.7529384 0.0000064  7001.77039  0.602  0.259 5.326  0.129 4.053
OGLE-LMC-T2CEP-196  15.635 16.585  14.9744872 0.0002130  7005.64733  0.901  0.116 0.634  0.078 2.818
OGLE-LMC-T2CEP-197  17.895 18.502   1.2241348 0.0000014  7001.14837  0.591  0.285 4.942  0.157 3.474
OGLE-LMC-T2CEP-198  15.304 16.512  38.5236801 0.0063073  7010.94496  0.695  0.069 6.193  0.011 4.016
OGLE-LMC-T2CEP-199  13.629 13.847  37.2402308 0.0166836  7002.08098  0.107  0.139 6.060  0.089 2.938
OGLE-LMC-T2CEP-200  14.979 16.360  34.8623009 0.0113791  7025.13223  0.389  0.274 5.020  0.175 4.740
OGLE-LMC-T2CEP-201  14.630 15.120  11.0119303 0.0006366  7007.32128  0.083  0.069 5.189  0.003   -  
OGLE-LMC-T2CEP-203  15.393 16.733  37.3398912 0.0082959  7027.29845  0.262  0.319 0.680  0.087 0.080
OGLE-LMC-T2CEP-204  17.628 18.351   1.9271756 0.0000022  7000.15494  0.776  0.428 4.903  0.263 2.678
OGLE-LMC-T2CEP-205  17.236 17.971   1.9909678 0.0000124  7001.86428  0.394  0.153 5.425  0.085 3.075
OGLE-LMC-T2CEP-206  18.068 18.653   1.2822716 0.0000023  7000.95843  0.562  0.217 4.555  0.088 4.890
OGLE-LMC-T2CEP-207  17.229 18.240  39.5265822 0.0138893  7000.77946  0.515  0.247 5.987  0.084 5.154
OGLE-LMC-T2CEP-208  15.315 16.111   8.5564792 0.0000352  7005.29980  0.731  0.365 5.340  0.196 4.068
OGLE-LMC-T2CEP-209  17.816 18.646   2.1054714 0.0000035  7002.08341  0.421  0.151 5.508  0.092 3.267
OGLE-LMC-T2CEP-210  16.653 17.705   8.9917562 0.0002498  7007.97892  0.112  0.104 1.338  0.004   -  
OGLE-LMC-T2CEP-211  16.104 16.984   9.3932320 0.0000856  7005.89688  0.456  0.264 5.662  0.060 4.781
OGLE-LMC-T2CEP-212  17.685 18.380   1.8247473 0.0000024  7001.11795  0.529  0.270 4.961  0.197 2.306
OGLE-LMC-T2CEP-213  18.067 18.734   1.4956963 0.0000033  7000.28396  0.535  0.267 4.770  0.113 0.568
OGLE-LMC-T2CEP-214  18.009    -     1.2069662 0.0000167  7000.81217  0.547  0.175 4.676  0.115 4.107
OGLE-LMC-T2CEP-215  17.809 18.417   1.3608379 0.0000020  7000.86884  0.561  0.188 4.594  0.152 4.763
OGLE-LMC-T2CEP-216  15.979 16.930  15.9754260 0.0025292  7003.55581  0.777  0.081 1.340  0.078 2.983
OGLE-LMC-T2CEP-217  16.114 16.977  10.1285311 0.0002165  7009.11173  0.173  0.137 1.590  0.039 1.718
OGLE-LMC-T2CEP-218  17.777 18.379   1.5709513 0.0000034  7001.52153  0.479  0.242 4.825  0.127 1.039
OGLE-LMC-T2CEP-219  15.703 16.598  10.3382895 0.0002234  7004.19145  0.274  0.175 4.557  0.052 3.732
OGLE-LMC-T2CEP-220  16.359 17.335   9.3950861 0.0008633  7000.56906  0.184  0.126 1.084  0.000   -  
OGLE-LMC-T2CEP-221  16.247 17.147   7.7072093 0.0004788  7006.63498  0.499  0.144 4.565  0.052 2.569
OGLE-LMC-T2CEP-222  17.208 17.878   3.0209335 0.0000038  7002.64422  0.603  0.353 5.260  0.187 4.019
OGLE-LMC-T2CEP-223  14.917 15.883  33.9793603 0.0049994  7020.52965  0.899  0.183 5.868  0.064 5.843
OGLE-LMC-T2CEP-224  16.105 16.693   6.3400107 0.0001001  7002.46138  0.232  0.128 5.428  0.023 4.311
OGLE-LMC-T2CEP-225  14.996 15.890  26.8178622 0.0016614  7010.74297  0.807  0.251 5.894  0.087 4.687
OGLE-LMC-T2CEP-226  15.720 16.567  13.3958778 0.0002441  7003.68922  0.923  0.413 5.738  0.038 3.079
OGLE-LMC-T2CEP-227  15.951 16.959  14.8711379 0.0005949  7006.44976  0.709  0.107 1.275  0.101 2.372
OGLE-LMC-T2CEP-228  17.825 18.357   1.2484989 0.0000098  7000.36145  0.551  0.233 4.580  0.109 3.345
OGLE-LMC-T2CEP-229  17.678 18.294   1.2858606 0.0000037  7000.45374  0.211  0.218 5.093  0.000   -  
OGLE-LMC-T2CEP-230  15.226 16.305  30.6064515 0.0020234  7021.38136  0.759  0.117 5.513  0.012 2.270
OGLE-LMC-T2CEP-231  17.684 18.382   1.8454664 0.0000029  7000.70619  0.374  0.100 5.030  0.182 2.353
OGLE-LMC-T2CEP-232  16.051 16.956  12.7685807 0.0004500  7010.25841  0.283  0.098 2.017  0.079 3.343
OGLE-LMC-T2CEP-233  14.439 15.101  33.4233312 0.0176058  7027.12470  0.099  0.047 4.627  0.051 2.305
OGLE-LMC-T2CEP-234  16.320 17.229   9.1976977 0.0001963  7008.65540  0.202  0.135 0.961  0.039 1.526
OGLE-LMC-T2CEP-235  17.797 18.458   1.5977516 0.0000026  7000.70330  0.538  0.230 4.998  0.220 2.068
OGLE-LMC-T2CEP-236  16.381 17.315   9.4472740 0.0001990  7001.42805  0.166  0.134 1.270  0.037 1.848
OGLE-LMC-T2CEP-237  17.955 19.048  30.8406482 0.0060493  7013.27289  0.473  0.280 6.039  0.133 5.140
OGLE-LMC-T2CEP-238  17.767 18.509   1.9046648 0.0000040  7001.86608  0.363  0.105 5.045  0.151 2.485
OGLE-LMC-T2CEP-239  15.516 16.225  15.7034239 0.0003872  7007.06952  0.907  0.314 5.940  0.096 3.525
OGLE-LMC-T2CEP-240  15.505 16.653  21.8568056 0.0014571  7000.53680  0.857  0.068 5.717  0.034 3.570
OGLE-LMC-T2CEP-241  17.309 18.051   2.3357218 0.0000049  7000.22271  0.424  0.198 5.617  0.087 3.868
OGLE-LMC-T2CEP-242  17.986 18.748   1.5753078 0.0000028  7001.03773  0.390  0.093 5.063  0.196 2.038
OGLE-LMC-T2CEP-243  17.840    -     1.4524970 0.0000073  7001.05020  0.566  0.326 4.415  0.070 0.255
OGLE-LMC-T2CEP-244  14.473 15.474  39.9780760 0.0674300  7032.02404  0.589  0.219 5.433  0.052 5.634
OGLE-LMC-T2CEP-245  16.159 17.064  10.1637513 0.0003616  7001.74451  0.177  0.108 1.409  0.026 1.861
OGLE-LMC-T2CEP-246  16.658 17.531   6.2527841 0.0001267  7002.95294  0.089  0.092 6.090  0.000   -  
OGLE-LMC-T2CEP-247  18.154 18.658   1.0532265 0.0000058  7000.04367  0.621  0.349 4.586  0.127 2.635
OGLE-LMC-T2CEP-248  16.648 17.820  10.8629624 0.0003835  7007.83969  0.241  0.113 1.612  0.059 2.588
OGLE-LMC-T2CEP-249  17.707 18.511   2.2253575 0.0000096  7002.16917  0.321  0.133 5.264  0.093 3.292
OGLE-LMC-T2CEP-250  14.573 15.297  15.9390694 0.0004751  7014.87051  0.250  0.192 5.719  0.050 5.350
OGLE-LMC-T2CEP-251  14.165 14.956  35.9645476 0.0094034  7020.87131  0.198  0.203 5.616  0.043 3.227
OGLE-LMC-T2CEP-252  15.786 16.780  16.3551180 0.0004949  7011.95379  0.752  0.038 1.604  0.067 2.636
OGLE-LMC-T2CEP-253  16.131 17.060  11.3746413 0.0002083  7010.36594  0.746  0.220 5.947  0.080 2.300
OGLE-LMC-T2CEP-254  16.036 16.949  10.9395630 0.0002729  7005.86328  0.223  0.122 1.879  0.035 2.661
OGLE-LMC-T2CEP-255  18.218 18.862   1.0701296 0.0000031  7000.31334  0.401  0.201 5.464  0.162 4.564
OGLE-LMC-T2CEP-256  17.834 18.481   1.6201093 0.0000268  7001.37583  0.502  0.212 4.971  0.176 1.236
OGLE-LMC-T2CEP-257  16.491 17.394   8.5752762 0.0002486  7000.51555  0.170  0.171 0.874  0.061 1.368
OGLE-LMC-T2CEP-258  15.412 16.385  22.8780233 0.0010206  7020.98166  0.906  0.194 6.064  0.045 4.545
OGLE-LMC-T2CEP-259  17.804 18.507   1.8166589 0.0000024  7000.03730  0.458  0.153 5.380  0.132 2.639
OGLE-LMC-T2CEP-260  17.260 18.069   3.0864503 0.0000119  7000.39118  0.515  0.276 5.516  0.140 4.569
OGLE-LMC-T2CEP-261  15.562 16.433  15.8884908 0.0003332  7014.36701  0.894  0.219 6.153  0.082 3.806
OGLE-LMC-T2CEP-262  15.818 16.669  16.0475985 0.0004069  7001.04245  0.739  0.058 1.717  0.079 2.499
OGLE-LMC-T2CEP-263  15.786 16.735  13.0618608 0.0014076  7002.12203  0.254  0.080 1.345  0.111 1.820
OGLE-LMC-T2CEP-264  17.649 18.390   1.9701588 0.0000025  7001.96833  0.459  0.157 5.565  0.082 3.133
OGLE-LMC-T2CEP-265  15.774 16.631  14.3884913 0.0001180  7013.50000  0.874  0.218 0.022  0.080 3.342
OGLE-LMC-T2CEP-266  16.934 17.859   5.0413596 0.0003017  7000.21557  0.228  0.178 5.568  0.066 6.079
OGLE-LMC-T2CEP-267  18.349 18.701   1.0311085 0.0000018  7000.71215  0.453  0.353 4.627  0.135 2.087
OGLE-LMC-T2CEP-268  17.764 18.381   1.4166769 0.0000080  7001.17253  0.248  0.126 4.567  0.000   -  
OGLE-LMC-T2CEP-269  17.870 18.570   1.4759514 0.0000021  7000.28459  0.481  0.233 4.849  0.109 0.636
OGLE-LMC-T2CEP-270  16.069 16.977  10.9802678 0.0004172  7009.87675  0.227  0.089 1.400  0.057 2.306
OGLE-LMC-T2CEP-271  16.526 17.389   7.0290246 0.0004615  7001.03812  0.072  0.000   -    0.000   -  
OGLE-LMC-T2CEP-272  14.458 15.139  36.1236179 0.0194172  7035.62909  0.118  0.133 4.584  0.030 1.635
OGLE-LMC-T2CEP-273  17.303 18.098   2.7553039 0.0000064  7001.93971  0.345  0.190 5.374  0.111 3.910
OGLE-LMC-T2CEP-274  17.704 18.248   1.4380219 0.0000019  7000.80994  0.609  0.274 4.360  0.050 5.788
OGLE-LMC-T2CEP-275  16.061 17.117  14.2228169 0.0007040  7004.86890  0.802  0.126 0.974  0.123 2.372
OGLE-LMC-T2CEP-276  14.378 15.219  32.1289992 0.0062762  7010.46602  0.385  0.193 0.020  0.063 5.310
OGLE-LMC-T2CEP-277  14.798 15.707  30.3610752 0.0026640  7013.58537  0.761  0.173 6.105  0.062 5.025
OGLE-LMC-T2CEP-278  15.157 16.053  25.0268663 0.0026244  7002.53697  0.961  0.132 5.862  0.065 4.496
OGLE-LMC-T2CEP-279  15.645 16.607  16.7063052 0.0002596  7009.56419  0.857  0.016 0.605  0.073 2.856
OGLE-LMC-T2CEP-280  15.760 16.516   5.4122216 0.0000138  7002.18616  0.785  0.378 5.336  0.199 4.073
OGLE-LMC-T2CEP-281  18.163 18.797   1.0778137 0.0000013  7000.37798  0.656  0.314 4.742  0.127 2.834
OGLE-LMC-T2CEP-282  16.461 17.089   6.3043037 0.0001498  7005.32001  0.238  0.154 4.514  0.067 3.446
OGLE-LMC-T2CEP-283  16.263 17.204   9.5027695 0.0002312  7008.38040  0.243  0.131 1.314  0.043 1.472
OGLE-LMC-T2CEP-284  15.366 16.192  15.2487700 0.0001930  7004.31616  0.915  0.325 6.017  0.091 3.612
OGLE-LMC-T2CEP-285  18.110 18.699   1.0508831 0.0000077  7000.51774  0.487  0.207 4.934  0.091 2.741
OGLE-LMC-T2CEP-286  16.592 17.504   6.2210883 0.0000956  7001.75764  0.169  0.169 6.257  0.042 0.140
OGLE-LMC-T2CEP-287  18.089 18.701   1.3443273 0.0000039  7000.38164  0.409  0.177 5.304  0.130 0.334
OGLE-LMC-T2CEP-288  18.052 18.500   1.0713660 0.0000021  7000.77229  0.622  0.321 4.716  0.095 2.696
OGLE-LMC-T2CEP-289  17.224 18.033   3.0134582 0.0000457  7000.95400  0.511  0.241 5.534  0.139 4.140
